0 -33.73219
833333 -62.86598
1666666 -61.86047
2500000 -61.49465
3333333 -60.65636
4166666 -60.15732
5000000 -60.55209
5833333 -60.55686
6666666 -60.36517
7499999 -60.22598
8333333 -60.1086
9166666 -60.00487
10000000 -59.92383
10833333 -59.84442
11666666 -59.77618
12500000 -59.70197
13333333 -59.63723
14166666 -59.5741
15000000 -59.50576
15833333 -59.45216
16666666 -59.38372
17500000 -59.32804
18333333 -59.27442
19166666 -59.22523
20000000 -59.15724
20833333 -59.11924
21666666 -59.08197
22499999 -59.04034
23333333 -58.99423
24166666 -58.95817
24999999 -58.92113
25833333 -58.89456
26666666 -58.87907
27499999 -58.85685
28333333 -58.83222
29166666 -58.82394
29999999 -58.81552
30833333 -58.80245
31666666 -58.81515
32499999 -58.81291
33333333 -58.82285
34166666 -58.83936
34999999 -58.83936
35833333 -58.87319
36666666 -58.89133
37499999 -58.9238
38333333 -58.95869
39166666 -58.99859
40000000 -59.03801
40833333 -59.08447
41666666 -59.14695
42500000 -59.21282
43333333 -59.28122
44166666 -59.351
45000000 -59.42024
45833333 -59.4981
46666666 -59.58976
47500000 -59.67371
48333333 -59.76848
49166666 -59.8659
50000000 -59.9903
50833333 -60.10062
51666666 -60.20901
52500000 -60.34393
53333333 -60.45973
54166666 -60.60065
55000000 -60.74533
55833333 -60.87788
56666666 -61.02975
57500000 -61.16728
58333333 -61.34503
59166666 -61.48624
60000000 -61.66341
60833333 -61.84415
61666666 -62.01694
62500000 -62.18324
63333333 -62.38676
64166666 -62.555
65000000 -62.75282
65833333 -62.91937
66666666 -63.11157
67500000 -63.31161
68333333 -63.48992
69166666 -63.69221
70000000 -63.85387
70833333 -64.04063
71666666 -64.20541
72500000 -64.36211
73333333 -64.48444
74166666 -64.63627
75000000 -64.76276
75833333 -64.88436
76666666 -64.97608
77500000 -65.04074
78333333 -65.10675
79166666 -65.13126
80000000 -65.15051
80833333 -65.16113
81666666 -65.1378
82499999 -65.0867
83333333 -64.99444
84166666 -64.92899
84999999 -64.81007
85833333 -64.69431
86666666 -64.56739
87499999 -64.40674
88333333 -64.26811
89166666 -64.12064
89999999 -63.94918
90833333 -63.78094
91666666 -63.58972
92499999 -63.41989
93333333 -63.23571
94166666 -63.05266
94999999 -62.85193
95833333 -62.67535
96666666 -62.50481
97499999 -62.32995
98333333 -62.15207
99166666 -61.97239
99999999 -61.79253
100833333 -61.6379
101666666 -61.49363
102499999 -61.33441
103333333 -61.18474
104166666 -61.0377
104999999 -60.8978
105833333 -60.75799
106666666 -60.63675
107499999 -60.51777
108333333 -60.404
109166666 -60.29594
109999999 -60.18818
110833333 -60.07959
111666666 -59.98954
112499999 -59.91582
113333333 -59.81888
114166666 -59.74192
114999999 -59.67342
115833333 -59.60959
116666666 -59.54655
117499999 -59.49219
118333333 -59.44193
119166666 -59.3914
119999999 -59.35551
120833333 -59.31618
121666666 -59.30196
122499999 -59.26196
123333333 -59.2629
124166666 -59.23907
124999999 -59.22851
125833333 -59.22664
126666666 -59.22414
127499999 -59.23985
128333333 -59.25615
129166666 -59.27946
129999999 -59.30242
130833333 -59.31694
131666666 -59.3588
132499999 -59.39358
133333333 -59.4381
134166666 -59.48493
134999999 -59.5386
135833333 -59.59725
136666666 -59.66724
137499999 -59.73913
138333333 -59.80681
139166666 -59.88837
139999999 -59.97047
140833333 -60.06628
141666666 -60.14832
142499999 -60.26926
143333333 -60.35504
144166666 -60.46398
144999999 -60.57429
145833333 -60.70372
146666666 -60.82664
147499999 -60.95755
148333333 -61.09537
149166666 -61.23998
149999999 -61.39919
150833333 -61.52551
151666666 -61.68423
152499999 -61.83511
153333333 -62.02129
154166666 -62.19451
154999999 -62.36742
155833333 -62.5313
156666666 -62.71507
157499999 -62.92004
158333333 -63.11384
159166666 -63.31092
159999999 -63.51223
160833333 -63.70785
161666666 -63.92986
162500000 -64.12103
163333333 -64.30973
164166666 -64.55883
165000000 -64.74632
165833333 -64.96706
166666666 -65.16397
167500000 -65.38364
168333333 -65.58318
169166666 -65.76994
170000000 -65.94391
170833333 -66.11191
171666666 -66.27473
172500000 -66.43194
173333333 -66.56351
174166666 -66.6575
175000000 -66.77975
175833333 -66.84255
176666666 -66.91914
177500000 -66.9206
178333333 -66.94417
179166666 -66.93705
180000000 -65.46181
180833333 -65.42843
181666666 -65.36868
182500000 -65.28202
183333333 -65.19922
184166666 -65.1103
185000000 -65.00992
185833333 -64.87937
186666666 -64.76071
187500000 -64.63131
188333333 -64.47914
189166666 -64.34605
190000000 -64.17597
190833333 -64.03001
191666666 -63.87534
192500000 -63.70821
193333333 -63.55345
194166666 -63.39572
195000000 -63.23671
195833333 -63.07045
196666666 -62.92516
197500000 -62.76349
198333333 -62.60704
199166666 -62.47234
200000000 -62.3194
200833333 -62.19288
201666666 -62.04675
202500000 -61.90196
203333333 -61.77183
204166666 -61.64576
205000000 -61.52621
205833333 -61.39328
206666666 -61.29456
207500000 -61.17755
208333333 -61.06957
209166666 -60.95469
210000000 -60.86474
210833333 -60.77933
211666666 -60.67541
212500000 -60.58819
213333333 -60.50963
214166666 -60.42874
215000000 -60.34814
215833333 -60.29143
216666666 -60.22234
217500000 -60.16672
218333333 -60.10597
219166666 -60.05244
220000000 -60.01295
220833333 -59.9668
221666666 -59.93015
222500000 -59.88777
223333333 -59.87564
224166666 -59.82739
225000000 -59.80305
225833333 -59.78958
226666666 -59.78201
227500000 -59.77439
228333333 -59.77636
229166666 -59.76214
230000000 -59.77663
230833333 -59.77525
231666666 -59.7759
232500000 -59.79651
233333333 -59.82226
234166666 -59.84445
235000000 -59.88454
235833333 -59.9099
236666666 -59.94866
237500000 -59.99517
238333333 -60.0509
239166666 -60.09751
240000000 -60.15416
240833333 -60.21087
241666666 -60.27641
242500000 -60.34626
243333333 -60.42252
244166666 -60.49708
245000000 -60.58051
245833333 -60.65833
246666666 -60.74891
247500000 -60.84277
248333333 -60.95586
249166666 -61.05947
250000000 -61.17838
250833333 -61.30275
251666666 -61.40656
252500000 -61.53559
253333333 -61.67995
254166666 -61.81966
255000000 -61.96806
255833333 -62.11267
256666666 -62.2722
257500000 -62.42114
258333333 -62.58977
259166666 -62.75233
260000000 -62.93255
260833333 -63.11122
261666666 -63.29118
262500000 -63.47216
263333333 -63.67027
264166666 -63.88863
265000000 -64.07789
265833333 -64.27152
266666666 -64.47099
267500000 -64.7013
268333333 -64.9164
269166666 -65.12111
270000000 -65.32812
270833333 -65.54066
271666666 -65.75626
272500000 -65.95944
273333333 -66.16508
274166666 -66.35611
275000000 -66.53614
275833333 -65.97625
276666666 -65.34468
277500000 -65.4487
278333333 -65.55192
279166666 -65.60503
280000000 -65.68523
280833333 -65.76167
281666666 -65.79582
282500000 -65.80488
283333333 -65.8213
284166666 -65.76854
285000000 -65.74303
285833333 -65.67886
286666666 -65.61043
287500000 -65.52811
288333333 -65.42633
289166666 -65.30206
290000000 -65.19144
290833333 -65.0621
291666666 -64.90083
292500000 -64.76353
293333333 -64.61561
294166666 -64.45829
295000000 -64.2877
295833333 -64.12892
296666666 -63.95439
297500000 -63.7863
298333333 -63.62381
299166666 -63.45987
300000000 -63.29517
300833333 -63.13562
301666666 -62.98014
302500000 -62.8433
303333333 -62.69997
304166666 -62.53567
305000000 -62.3886
305833333 -62.26271
306666666 -62.10655
307500000 -61.97559
308333333 -61.85751
309166666 -61.72406
310000000 -61.61838
310833333 -61.49831
311666666 -61.40444
312500000 -61.283
313333333 -61.17411
314166666 -61.09397
315000000 -60.99654
315833333 -60.90735
316666666 -60.81987
317500000 -60.74622
318333333 -60.66869
319166666 -60.59177
320000000 -60.53264
320833333 -60.47606
321666666 -60.41582
322500000 -60.37199
323333333 -60.31966
324166666 -60.26051
324999999 -60.22814
325833333 -60.19831
326666666 -60.156
327499999 -60.13701
328333333 -60.10263
329166666 -60.09048
329999999 -60.07459
330833333 -60.05578
331666666 -60.05403
332499999 -60.0625
333333333 -60.06531
334166666 -60.05781
334999999 -60.07001
335833333 -60.0845
336666666 -60.08762
337499999 -60.12657
338333333 -60.13129
339166666 -60.17245
339999999 -60.20431
340833333 -60.2351
341666666 -60.26619
342499999 -60.30353
343333333 -60.35535
344166666 -60.4041
344999999 -60.45391
345833333 -60.50401
346666666 -60.57964
347499999 -60.64807
348333333 -60.70943
349166666 -60.78798
349999999 -60.87888
350833333 -60.93651
351666666 -61.02163
352499999 -61.10048
353333333 -61.20428
354166666 -61.28856
354999999 -61.398
355833333 -61.50773
356666666 -61.6188
357499999 -61.72888
358333333 -61.85848
359166666 -61.95737
359999999 -62.10541
360833333 -62.24522
361666666 -62.3785
362499999 -62.51901
363333333 -62.67278
364166666 -62.83213
364999999 -62.99104
365833333 -63.16564
366666666 -63.32283
367499999 -63.50965
368333333 -63.6785
369166666 -63.88055
369999999 -64.04603
370833333 -64.24203
371666666 -64.43719
372499999 -64.63234
373333333 -64.83707
374166666 -65.0502
374999999 -65.28027
375833333 -65.46352
376666666 -65.67419
377499999 -65.88091
378333333 -66.08572
379166666 -66.27272
379999999 -66.44363
380833333 -66.63723
381666666 -66.80876
382499999 -66.96349
383333333 -67.07567
384166666 -67.22025
384999999 -67.31861
385833333 -67.3991
386666666 -67.45672
387499999 -67.48914
388333333 -67.5102
389166666 -67.48786
389999999 -67.43143
390833333 -67.40054
391666666 -67.32416
392499999 -67.21193
393333333 -67.13138
394166666 -66.9935
394999999 -66.85575
395833333 -66.66836
396666666 -66.52054
397499999 -66.32771
398333333 -66.14118
399166666 -65.96096
399999999 -65.76553
400833333 -65.58035
401666666 -65.39162
402499999 -65.15512
403333333 -64.97942
404166666 -64.79598
404999999 -64.59074
405833333 -64.39474
406666666 -64.19772
407499999 -64.0304
408333333 -63.84843
409166666 -63.66529
409999999 -63.50431
410833333 -63.36063
411666666 -63.1931
412499999 -63.01821
413333333 -62.89031
414166666 -62.73869
414999999 -62.60674
415833333 -62.44041
416666666 -62.30453
417499999 -62.18399
418333333 -62.0753
419166666 -61.95065
419999999 -61.10508
420833333 -61.01181
421666666 -60.9101
422499999 -60.82204
423333333 -60.71647
424166666 -60.63889
424999999 -60.55605
425833333 -60.47167
426666666 -60.41057
427499999 -60.33299
428333333 -60.27254
429166666 -60.2169
429999999 -60.15208
430833333 -60.11058
431666666 -60.04359
432499999 -59.99983
433333333 -59.95224
434166666 -59.92738
434999999 -59.88274
435833333 -59.86437
436666666 -59.82412
437499999 -59.80151
438333333 -59.79358
439166666 -59.77858
439999999 -59.75987
440833333 -59.76133
441666666 -59.76286
442499999 -59.75472
443333333 -59.76732
444166666 -59.76613
444999999 -59.78848
445833333 -59.80614
446666666 -59.83008
447499999 -59.84488
448333333 -59.88505
449166666 -59.91696
449999999 -59.94891
450833333 -59.99261
451666666 -60.03661
452499999 -60.08384
453333333 -60.15279
454166666 -60.19903
454999999 -60.26579
455833333 -60.32706
456666666 -60.41006
457499999 -60.4817
458333333 -60.56834
459166666 -60.66456
459999999 -60.7403
460833333 -60.82262
461666666 -60.92427
462499999 -61.49442
463333333 -61.9248
464166666 -62.04084
464999999 -62.17139
465833333 -62.28635
466666666 -62.43748
467499999 -62.57433
468333333 -62.72
469166666 -62.89235
469999999 -63.02702
470833333 -63.19096
471666666 -63.37093
472499999 -63.53336
473333333 -63.71581
474166666 -63.90282
474999999 -64.11488
475833333 -64.27633
476666666 -64.46181
477499999 -64.67818
478333333 -64.85641
479166666 -65.06219
479999999 -65.27086
480833333 -65.45598
481666666 -65.66619
482499999 -65.90005
483333333 -66.08057
484166666 -66.27217
484999999 -66.46994
485833333 -66.65237
486666666 -66.8466
487499999 -67.02058
488333333 -67.16026
489166666 -67.31279
489999999 -67.43379
490833333 -67.54326
491666666 -67.64536
492499999 -67.69685
493333333 -67.7846
494166666 -67.78403
494999999 -67.8118
495833333 -67.79788
496666666 -67.75442
497499999 -67.71435
498333333 -67.59852
499166666 -67.51009
499999999 -67.39437
