0 -33.69069
833333 -58.06242
1666666 -57.87206
2500000 -57.9274
3333333 -57.59041
4166666 -57.53088
5000000 -58.13597
5833333 -58.44064
6666666 -58.60876
7499999 -58.8021
8333333 -59.00586
9166666 -59.219
10000000 -59.44794
10833333 -59.65128
11666666 -59.88383
12500000 -60.10223
13333333 -60.34552
14166666 -60.54659
15000000 -60.76836
15833333 -60.99443
16666666 -61.22656
17500000 -61.45434
18333333 -61.66462
19166666 -61.88248
20000000 -62.10028
20833333 -62.32011
21666666 -62.52895
22499999 -62.7369
23333333 -62.93452
24166666 -63.14009
24999999 -63.30967
25833333 -63.50439
26666666 -63.6491
27499999 -63.83442
28333333 -63.96819
29166666 -64.09736
29999999 -64.21619
30833333 -64.32854
31666666 -64.41128
32499999 -64.45046
33333333 -64.51218
34166666 -64.51173
34999999 -64.5099
35833333 -64.50429
36666666 -64.43912
37499999 -64.37561
38333333 -64.3091
39166666 -64.21834
40000000 -64.11378
40833333 -63.98271
41666666 -63.8657
42500000 -63.72736
43333333 -63.58867
44166666 -63.41877
45000000 -63.25584
45833333 -63.12397
46666666 -62.93372
47500000 -62.76899
48333333 -62.58524
49166666 -62.43066
50000000 -62.26716
50833333 -62.09026
51666666 -61.9397
52500000 -61.77895
53333333 -61.62531
54166666 -61.46445
55000000 -61.31882
55833333 -61.16503
56666666 -61.02919
57500000 -60.89499
58333333 -60.76842
59166666 -60.64953
60000000 -60.52412
60833333 -60.40489
61666666 -60.29226
62500000 -60.19601
63333333 -60.08078
64166666 -60.00206
65000000 -59.89678
65833333 -59.82395
66666666 -59.76002
67500000 -59.66718
68333333 -59.60329
69166666 -59.54276
70000000 -59.48912
70833333 -59.43612
71666666 -59.3737
72500000 -59.33365
73333333 -59.28661
74166666 -59.25879
75000000 -59.22903
75833333 -59.19508
76666666 -59.17435
77500000 -59.16075
78333333 -59.15188
79166666 -59.13889
80000000 -59.14103
80833333 -59.13303
81666666 -59.13758
82499999 -59.15343
83333333 -59.16846
84166666 -59.18473
84999999 -59.21246
85833333 -59.24181
86666666 -59.26886
87499999 -59.30974
88333333 -59.35118
89166666 -59.40906
89999999 -59.45971
90833333 -59.52158
91666666 -59.59824
92499999 -59.65762
93333333 -59.72945
94166666 -59.8084
94999999 -59.88355
95833333 -59.97308
96666666 -60.06757
97499999 -60.18731
98333333 -60.27197
99166666 -60.39146
99999999 -60.51243
100833333 -60.63331
101666666 -60.76414
102499999 -60.90144
103333333 -61.05044
104166666 -61.19006
104999999 -61.34286
105833333 -61.51175
106666666 -61.64983
107499999 -61.81774
108333333 -61.97894
109166666 -62.17515
109999999 -62.33395
110833333 -62.52332
111666666 -62.71595
112499999 -62.89031
113333333 -63.08247
114166666 -63.26819
114999999 -63.46977
115833333 -63.63607
116666666 -63.83768
117499999 -64.00301
118333333 -64.19707
119166666 -64.35787
119999999 -64.53174
120833333 -64.68355
121666666 -64.8403
122499999 -64.94775
123333333 -65.05378
124166666 -65.15363
124999999 -65.25375
125833333 -65.31185
126666666 -65.35757
127499999 -65.39818
128333333 -65.40192
129166666 -65.37737
129999999 -65.35226
130833333 -65.28219
131666666 -65.21298
132499999 -65.17336
133333333 -65.01933
134166666 -64.92163
134999999 -64.79106
135833333 -64.66803
136666666 -64.5237
137499999 -64.36227
138333333 -64.22449
139166666 -64.06889
139999999 -63.90752
140833333 -63.72015
141666666 -63.56084
142499999 -63.40208
143333333 -63.23362
144166666 -63.08356
144999999 -62.9386
145833333 -62.77962
146666666 -62.61234
147499999 -62.45945
148333333 -62.3179
149166666 -62.16839
149999999 -62.02969
150833333 -61.89172
151666666 -61.76319
152499999 -61.64033
153333333 -61.50119
154166666 -61.41927
154999999 -61.28455
155833333 -61.17314
156666666 -61.08656
157499999 -60.98114
158333333 -60.87738
159166666 -60.78951
159999999 -60.72517
160833333 -60.63403
161666666 -60.55389
162500000 -60.48411
163333333 -60.4146
164166666 -60.35652
165000000 -60.29048
165833333 -60.24339
166666666 -60.19218
167500000 -60.15784
168333333 -60.11469
169166666 -60.08217
170000000 -60.04766
170833333 -60.02396
171666666 -59.99361
172500000 -59.98759
173333333 -59.98013
174166666 -59.94655
175000000 -59.94538
175833333 -59.94775
176666666 -59.95967
177500000 -59.96639
178333333 -59.97607
179166666 -59.99051
180000000 -59.33519
180833333 -59.36998
181666666 -59.4013
182500000 -59.43477
183333333 -59.46964
184166666 -59.51802
185000000 -59.56125
185833333 -59.6126
186666666 -59.6638
187500000 -59.72422
188333333 -59.78652
189166666 -59.8512
190000000 -59.9277
190833333 -59.99966
191666666 -60.08315
192500000 -60.16718
193333333 -60.25801
194166666 -60.3386
195000000 -60.43299
195833333 -60.5395
196666666 -60.63873
197500000 -60.74864
198333333 -60.85842
199166666 -60.97607
200000000 -61.10458
200833333 -61.22862
201666666 -61.34834
202500000 -61.49596
203333333 -61.63241
204166666 -61.76255
205000000 -61.93735
205833333 -62.06176
206666666 -62.22517
207500000 -62.37386
208333333 -62.56049
209166666 -62.73283
210000000 -62.89182
210833333 -63.07524
211666666 -63.23022
212500000 -63.42004
213333333 -63.60995
214166666 -63.79844
215000000 -63.98689
215833333 -64.19079
216666666 -64.37391
217500000 -64.55242
218333333 -64.74957
219166666 -64.94052
220000000 -65.11314
220833333 -65.28651
221666666 -65.48733
222500000 -65.62727
223333333 -65.79309
224166666 -65.92062
225000000 -66.06683
225833333 -66.17148
226666666 -66.27985
227500000 -66.39299
228333333 -66.45119
229166666 -66.49229
230000000 -66.49734
230833333 -66.50579
231666666 -66.51405
232500000 -66.48132
233333333 -66.42679
234166666 -66.36985
235000000 -66.26805
235833333 -66.17285
236666666 -66.06297
237500000 -65.93178
238333333 -65.77486
239166666 -65.63059
240000000 -65.46642
240833333 -65.29543
241666666 -65.13344
242500000 -64.94463
243333333 -64.7728
244166666 -64.60137
245000000 -64.40367
245833333 -64.20779
246666666 -64.02989
247500000 -63.85061
248333333 -63.68254
249166666 -63.4987
250000000 -63.30888
250833333 -63.14754
251666666 -62.96859
252500000 -62.82758
253333333 -62.67381
254166666 -62.52382
255000000 -62.38418
255833333 -62.22379
256666666 -62.07921
257500000 -61.95121
258333333 -61.82082
259166666 -61.69186
260000000 -61.57063
260833333 -61.45967
261666666 -61.35948
262500000 -61.24323
263333333 -61.1469
264166666 -61.04646
265000000 -60.94301
265833333 -60.87177
266666666 -60.79156
267500000 -60.72398
268333333 -60.64024
269166666 -60.57984
270000000 -60.51969
270833333 -60.45713
271666666 -60.41326
272500000 -60.35443
273333333 -60.31653
274166666 -60.26766
275000000 -60.23259
275833333 -59.846
276666666 -59.42942
277500000 -59.39882
278333333 -59.38817
279166666 -59.37125
280000000 -59.36365
280833333 -59.37889
281666666 -59.37917
282500000 -59.37945
283333333 -59.38133
284166666 -59.4101
285000000 -59.42278
285833333 -59.43829
286666666 -59.46516
287500000 -59.50989
288333333 -59.54056
289166666 -59.5848
290000000 -59.63625
290833333 -59.68856
291666666 -59.74642
292500000 -59.80339
293333333 -59.87695
294166666 -59.94294
295000000 -60.01295
295833333 -60.09437
296666666 -60.1846
297500000 -60.27895
298333333 -60.37359
299166666 -60.47234
300000000 -60.57276
300833333 -60.6811
301666666 -60.78972
302500000 -60.90611
303333333 -61.03161
304166666 -61.14333
305000000 -61.27245
305833333 -61.41171
306666666 -61.5554
307500000 -61.71154
308333333 -61.87021
309166666 -62.0336
310000000 -62.19752
310833333 -62.34708
311666666 -62.5203
312500000 -62.69267
313333333 -62.87724
314166666 -63.06016
315000000 -63.2683
315833333 -63.44244
316666666 -63.63948
317500000 -63.83851
318333333 -64.0562
319166666 -64.25583
320000000 -64.46769
320833333 -64.66965
321666666 -64.89166
322500000 -65.1013
323333333 -65.29227
324166666 -65.49625
324999999 -65.70408
325833333 -65.90324
326666666 -66.09985
327499999 -66.26357
328333333 -66.42819
329166666 -66.60522
329999999 -66.74343
330833333 -66.8659
331666666 -66.99474
332499999 -67.03428
333333333 -67.11478
334166666 -67.16441
334999999 -67.2116
335833333 -67.20779
336666666 -67.16032
337499999 -67.1157
338333333 -67.07314
339166666 -66.96391
339999999 -66.85964
340833333 -66.75966
341666666 -66.62527
342499999 -66.46282
343333333 -66.32456
344166666 -66.11009
344999999 -65.92515
345833333 -65.77261
346666666 -65.5572
347499999 -65.35104
348333333 -65.18402
349166666 -64.97009
349999999 -64.77687
350833333 -64.59364
351666666 -64.38277
352499999 -64.20401
353333333 -64.01861
354166666 -63.8098
354999999 -63.62978
355833333 -63.44942
356666666 -63.27085
357499999 -63.10293
358333333 -62.92362
359166666 -62.76634
359999999 -62.60553
360833333 -62.44517
361666666 -62.29098
362499999 -62.14596
363333333 -62.00522
364166666 -61.8636
364999999 -61.72462
365833333 -61.60433
366666666 -61.47745
367499999 -61.34499
368333333 -61.24907
369166666 -61.13326
369999999 -61.04623
370833333 -60.94109
371666666 -60.84669
372499999 -60.76189
373333333 -60.68362
374166666 -60.60391
374999999 -60.53233
375833333 -60.47639
376666666 -60.40934
377499999 -60.36963
378333333 -60.3097
379166666 -60.26335
379999999 -60.21729
380833333 -60.17495
381666666 -60.14248
382499999 -60.12267
383333333 -60.09393
384166666 -60.07412
384999999 -60.05592
385833333 -60.05116
386666666 -60.04858
387499999 -60.03117
388333333 -60.03996
389166666 -60.04888
389999999 -60.06682
390833333 -60.08389
391666666 -60.09489
392499999 -60.12902
393333333 -60.15929
394166666 -60.18838
394999999 -60.23235
395833333 -60.26809
396666666 -60.32167
397499999 -60.37437
398333333 -60.43066
399166666 -60.48552
399999999 -60.54985
400833333 -60.62338
401666666 -60.69739
402499999 -60.77493
403333333 -60.84679
404166666 -60.9547
404999999 -61.04447
405833333 -61.12083
406666666 -61.23161
407499999 -61.34349
408333333 -61.45941
409166666 -61.56569
409999999 -61.67672
410833333 -61.81625
411666666 -61.94872
412499999 -62.08752
413333333 -62.22899
414166666 -62.36137
414999999 -62.50693
415833333 -62.66985
416666666 -62.84087
417499999 -62.99029
418333333 -63.17525
419166666 -63.33276
419999999 -62.59398
420833333 -62.75095
421666666 -62.93173
422499999 -63.10313
423333333 -63.27029
424166666 -63.43777
424999999 -63.63377
425833333 -63.80491
426666666 -64.01685
427499999 -64.1649
428333333 -64.34981
429166666 -64.54155
429999999 -64.71483
430833333 -64.90705
431666666 -65.07909
432499999 -65.23698
433333333 -65.40646
434166666 -65.56015
434999999 -65.72842
435833333 -65.87156
436666666 -65.99643
437499999 -66.12896
438333333 -66.20039
439166666 -66.27344
439999999 -66.37562
440833333 -66.39352
441666666 -66.46439
442499999 -66.45167
443333333 -66.43692
444166666 -66.41307
444999999 -66.38998
445833333 -66.31981
446666666 -66.20863
447499999 -66.1301
448333333 -66.01685
449166666 -65.91375
449999999 -65.77286
450833333 -65.62729
451666666 -65.47238
452499999 -65.31053
453333333 -65.15459
454166666 -64.94947
454999999 -64.7884
455833333 -64.61298
456666666 -64.42117
457499999 -64.23298
458333333 -64.08678
459166666 -63.88882
459999999 -63.6967
460833333 -63.51307
461666666 -63.35327
462499999 -63.76019
463333333 -63.92309
464166666 -63.72684
464999999 -63.54208
465833333 -63.38339
466666666 -63.21954
467499999 -63.0764
468333333 -62.91134
469166666 -62.7628
469999999 -62.61689
470833333 -62.47889
471666666 -62.33511
472499999 -62.22253
473333333 -62.10584
474166666 -61.99139
474999999 -61.88155
475833333 -61.7674
476666666 -61.66173
477499999 -61.58367
478333333 -61.487
479166666 -61.3896
479999999 -61.31603
480833333 -61.24281
481666666 -61.18029
482499999 -61.1209
483333333 -61.05157
484166666 -60.99578
484999999 -60.94817
485833333 -60.91107
486666666 -60.86077
487499999 -60.83551
488333333 -60.79444
489166666 -60.76952
489999999 -60.7654
490833333 -60.73345
491666666 -60.7287
492499999 -60.74437
493333333 -60.72788
494166666 -60.73868
494999999 -60.73728
495833333 -60.75014
496666666 -60.77036
497499999 -60.79675
498333333 -60.83173
499166666 -60.86545
499999999 -60.90368
