0 -33.70789
833333 -79.99029
1666666 -75.83368
2500000 -73.96393
3333333 -72.43147
4166666 -71.19911
5000000 -70.79179
5833333 -70.17751
6666666 -69.54955
7499999 -69.08817
8333333 -68.69307
9166666 -68.33907
10000000 -68.00606
10833333 -67.75869
11666666 -67.49522
12500000 -67.31024
13333333 -67.07035
14166666 -66.89843
15000000 -66.73388
15833333 -66.55624
16666666 -66.41759
17500000 -66.27842
18333333 -66.1469
19166666 -66.03619
20000000 -65.92372
20833333 -65.81212
21666666 -65.69801
22499999 -65.6526
23333333 -65.55492
24166666 -65.47861
24999999 -65.42011
25833333 -65.35115
26666666 -65.2868
27499999 -65.26295
28333333 -65.21529
29166666 -65.18129
29999999 -65.16365
30833333 -65.13799
31666666 -65.12371
32499999 -65.12328
33333333 -65.10494
34166666 -65.10847
34999999 -65.13547
35833333 -65.14341
36666666 -65.18265
37499999 -65.21243
38333333 -65.2402
39166666 -65.2926
40000000 -65.36045
40833333 -65.39104
41666666 -65.4648
42500000 -65.55441
43333333 -65.62279
44166666 -65.71867
45000000 -65.8125
45833333 -65.92254
46666666 -66.02401
47500000 -66.12629
48333333 -66.27632
49166666 -66.41647
50000000 -66.5452
50833333 -66.72207
51666666 -66.87173
52500000 -67.04374
53333333 -67.24359
54166666 -67.43334
55000000 -67.64387
55833333 -67.86508
56666666 -68.07425
57500000 -68.314
58333333 -68.57952
59166666 -68.88818
60000000 -69.17079
60833333 -69.48074
61666666 -69.80781
62500000 -70.11053
63333333 -70.4846
64166666 -70.87173
65000000 -71.28872
65833333 -71.70416
66666666 -72.19326
67500000 -72.67218
68333333 -73.19471
69166666 -73.74765
70000000 -74.3432
70833333 -74.9678
71666666 -75.78238
72500000 -76.56062
73333333 -77.41159
74166666 -78.39205
75000000 -79.47688
75833333 -80.64902
76666666 -81.94425
77500000 -83.47643
78333333 -85.66808
79166666 -87.52335
80000000 -89.24191
80833333 -90.46014
81666666 -89.0885
82499999 -87.56091
83333333 -85.30669
84166666 -83.4996
84999999 -81.91241
85833333 -80.53288
86666666 -79.1907
87499999 -78.20842
88333333 -77.20674
89166666 -76.4202
89999999 -75.63434
90833333 -74.94456
91666666 -74.33378
92499999 -73.71034
93333333 -73.1411
94166666 -72.64515
94999999 -72.14807
95833333 -71.68803
96666666 -71.28658
97499999 -70.86491
98333333 -70.49295
99166666 -70.12186
99999999 -69.82058
100833333 -69.465
101666666 -69.20863
102499999 -68.93738
103333333 -68.65122
104166666 -68.4146
104999999 -68.15929
105833333 -67.93161
106666666 -67.72221
107499999 -67.50654
108333333 -67.31916
109166666 -67.16262
109999999 -66.98354
110833333 -66.80332
111666666 -66.68856
112499999 -66.53316
113333333 -66.40216
114166666 -66.2887
114999999 -66.17471
115833333 -66.08298
116666666 -65.97518
117499999 -65.90504
118333333 -65.80307
119166666 -65.7438
119999999 -65.66828
120833333 -65.6053
121666666 -65.55842
122499999 -65.505
123333333 -65.48281
124166666 -65.4508
124999999 -65.39975
125833333 -65.38882
126666666 -65.37192
127499999 -65.35493
128333333 -65.40339
129166666 -65.39669
129999999 -65.40874
130833333 -65.41677
131666666 -65.47117
132499999 -65.4902
133333333 -65.53171
134166666 -65.57999
134999999 -65.62878
135833333 -65.66749
136666666 -65.74757
137499999 -65.80681
138333333 -65.916
139166666 -65.99575
139999999 -66.09938
140833333 -66.19374
141666666 -66.30533
142499999 -66.4063
143333333 -66.51807
144166666 -66.66187
144999999 -66.80985
145833333 -66.93143
146666666 -67.10039
147499999 -67.27987
148333333 -67.45466
149166666 -67.59653
149999999 -67.78627
150833333 -67.98159
151666666 -68.2136
152499999 -68.43319
153333333 -68.68089
154166666 -68.89146
154999999 -69.14965
155833333 -69.44639
156666666 -69.67203
157499999 -70.00315
158333333 -70.32745
159166666 -70.62004
159999999 -70.96217
160833333 -71.29887
161666666 -71.69993
162500000 -72.08393
163333333 -72.50146
164166666 -72.93544
165000000 -73.44997
165833333 -73.9541
166666666 -74.45327
167500000 -74.98869
168333333 -75.51543
169166666 -76.22162
170000000 -76.90597
170833333 -77.57095
171666666 -78.31626
172500000 -79.16269
173333333 -80.131
174166666 -80.94447
175000000 -82.01707
175833333 -83.03692
176666666 -83.71085
177500000 -84.55679
178333333 -84.58046
179166666 -84.88719
180000000 -88.21671
180833333 -86.49051
181666666 -85.07764
182500000 -83.47285
183333333 -82.19788
184166666 -80.85165
185000000 -79.87833
185833333 -78.84708
186666666 -77.95988
187500000 -77.17783
188333333 -76.40112
189166666 -75.84033
190000000 -75.14789
190833333 -74.55481
191666666 -74.05584
192500000 -73.56763
193333333 -73.09067
194166666 -72.64825
195000000 -72.24218
195833333 -71.86273
196666666 -71.53997
197500000 -71.15517
198333333 -70.82876
199166666 -70.5438
200000000 -70.24559
200833333 -69.94474
201666666 -69.7124
202500000 -69.42218
203333333 -69.18806
204166666 -68.97443
205000000 -68.73457
205833333 -68.53338
206666666 -68.36107
207500000 -68.19461
208333333 -67.99684
209166666 -67.79905
210000000 -67.64255
210833333 -67.50455
211666666 -67.33727
212500000 -67.19528
213333333 -67.04916
214166666 -66.94967
215000000 -66.82291
215833333 -66.71554
216666666 -66.58212
217500000 -66.48786
218333333 -66.41214
219166666 -66.34158
220000000 -66.22274
220833333 -66.19094
221666666 -66.08858
222500000 -66.03345
223333333 -65.99989
224166666 -65.95018
225000000 -65.88179
225833333 -65.85397
226666666 -65.81774
227500000 -65.7914
228333333 -65.74989
229166666 -65.74226
230000000 -65.701
230833333 -65.70761
231666666 -65.7077
232500000 -65.72346
233333333 -65.71766
234166666 -65.72584
235000000 -65.72857
235833333 -65.79178
236666666 -65.80077
237500000 -65.84146
238333333 -65.87133
239166666 -65.92575
240000000 -65.96689
240833333 -66.02188
241666666 -66.09643
242500000 -66.16985
243333333 -66.25384
244166666 -66.32177
245000000 -66.4111
245833333 -66.50295
246666666 -66.60343
247500000 -66.70657
248333333 -66.79975
249166666 -66.90546
250000000 -67.03092
250833333 -67.20758
251666666 -67.30411
252500000 -67.48338
253333333 -67.61617
254166666 -67.80914
255000000 -67.98045
255833333 -68.13377
256666666 -68.34555
257500000 -68.52126
258333333 -68.76867
259166666 -68.98021
260000000 -69.19637
260833333 -69.44265
261666666 -69.71838
262500000 -69.92906
263333333 -70.22089
264166666 -70.54762
265000000 -70.84707
265833333 -71.16763
266666666 -71.51151
267500000 -71.87113
268333333 -72.24886
269166666 -72.65765
270000000 -73.05014
270833333 -73.51488
271666666 -73.94127
272500000 -74.41933
273333333 -74.97375
274166666 -75.50254
275000000 -76.20763
275833333 -76.8273
276666666 -77.69375
277500000 -78.60926
278333333 -79.42446
279166666 -80.61361
280000000 -81.78114
280833333 -83.00986
281666666 -84.3502
282500000 -85.63429
283333333 -87.13675
284166666 -87.57269
285000000 -87.49136
285833333 -86.58724
286666666 -85.3539
287500000 -84.09866
288333333 -82.62594
289166666 -81.507
290000000 -80.3551
290833333 -79.30898
291666666 -78.39922
292500000 -77.56728
293333333 -76.86575
294166666 -76.0884
295000000 -75.56754
295833333 -74.85233
296666666 -74.3141
297500000 -73.8045
298333333 -73.3157
299166666 -72.84673
300000000 -72.41609
300833333 -71.98349
301666666 -71.65366
302500000 -71.30225
303333333 -70.94775
304166666 -70.63848
305000000 -70.34963
305833333 -70.01591
306666666 -69.77332
307500000 -69.48195
308333333 -69.24616
309166666 -69.02194
310000000 -68.80745
310833333 -68.58427
311666666 -68.37874
312500000 -68.19728
313333333 -68.01337
314166666 -67.84754
315000000 -67.65316
315833333 -67.54073
316666666 -67.3628
317500000 -67.23483
318333333 -67.08269
319166666 -66.97543
320000000 -66.85936
320833333 -66.74709
321666666 -66.64727
322500000 -66.55594
323333333 -66.44241
324166666 -66.35883
324999999 -66.24991
325833333 -66.2038
326666666 -66.12971
327499999 -66.0816
328333333 -66.03368
329166666 -65.96841
329999999 -65.92591
330833333 -65.89443
331666666 -65.86832
332499999 -65.83855
333333333 -65.82341
334166666 -65.79453
334999999 -65.78636
335833333 -65.75819
336666666 -65.75471
337499999 -65.76144
338333333 -65.76768
339166666 -65.80892
339999999 -65.81332
340833333 -65.83616
341666666 -65.894
342499999 -65.89474
343333333 -65.94682
344166666 -65.98745
344999999 -66.05017
345833333 -66.0966
346666666 -66.18381
347499999 -66.19831
348333333 -66.29542
349166666 -66.35671
349999999 -66.42288
350833333 -66.48491
351666666 -66.59609
352499999 -66.6877
353333333 -66.79018
354166666 -66.90678
354999999 -67.00807
355833333 -67.14043
356666666 -67.25755
357499999 -67.37627
358333333 -67.51137
359166666 -67.64299
359999999 -67.82633
360833333 -67.97885
361666666 -68.10241
362499999 -68.28342
363333333 -68.48792
364166666 -68.6573
364999999 -68.86606
365833333 -69.08662
366666666 -69.28908
367499999 -69.49997
368333333 -69.75277
369166666 -70.02478
369999999 -70.27849
370833333 -70.58982
371666666 -70.89933
372499999 -71.14623
373333333 -71.49135
374166666 -71.84415
374999999 -72.17891
375833333 -72.54702
376666666 -72.97244
377499999 -73.40884
378333333 -73.83245
379166666 -74.31595
379999999 -74.73646
380833333 -75.34384
381666666 -75.91219
382499999 -76.42126
383333333 -77.11761
384166666 -77.64616
384999999 -78.5168
385833333 -79.0856
386666666 -79.8539
387499999 -80.5429
388333333 -81.39619
389166666 -82.19411
389999999 -82.54865
390833333 -82.89938
391666666 -83.11073
392499999 -83.00301
393333333 -82.73441
394166666 -82.22159
394999999 -81.61913
395833333 -80.69536
396666666 -80.19773
397499999 -79.30675
398333333 -78.54853
399166666 -77.92969
399999999 -77.24847
400833333 -76.70221
401666666 -76.0666
402499999 -75.50632
403333333 -74.89713
404166666 -74.5141
404999999 -74.07237
405833333 -73.51976
406666666 -73.15462
407499999 -72.71949
408333333 -72.38554
409166666 -71.99922
409999999 -71.65102
410833333 -71.28115
411666666 -71.00829
412499999 -70.73595
413333333 -70.43794
414166666 -70.17549
414999999 -69.91914
415833333 -69.63905
416666666 -69.41198
417499999 -69.17116
418333333 -68.96951
419166666 -68.78568
419999999 -68.24599
420833333 -68.04159
421666666 -67.87435
422499999 -67.71008
423333333 -67.56284
424166666 -67.39046
424999999 -67.24517
425833333 -67.09445
426666666 -66.9622
427499999 -66.83912
428333333 -66.70893
429166666 -66.58601
429999999 -66.48457
430833333 -66.36526
431666666 -66.30254
432499999 -66.19011
433333333 -66.11021
434166666 -66.02154
434999999 -65.97128
435833333 -65.88571
436666666 -65.84532
437499999 -65.78734
438333333 -65.74055
439166666 -65.67923
439999999 -65.66089
440833333 -65.62421
441666666 -65.61633
442499999 -65.59149
443333333 -65.55716
444166666 -65.56854
444999999 -65.54182
445833333 -65.54384
446666666 -65.56217
447499999 -65.54926
448333333 -65.60408
449166666 -65.59304
449999999 -65.63769
450833333 -65.66544
451666666 -65.68508
452499999 -65.7269
453333333 -65.79967
454166666 -65.86305
454999999 -65.90065
455833333 -65.98697
456666666 -66.02404
457499999 -66.11655
458333333 -66.20493
459166666 -66.28809
459999999 -66.38922
460833333 -66.49625
461666666 -66.59715
462499999 -66.9871
463333333 -67.26942
464166666 -67.39936
464999999 -67.55613
465833333 -67.66257
466666666 -67.82224
467499999 -67.96133
468333333 -68.13612
469166666 -68.3185
469999999 -68.48698
470833333 -68.66935
471666666 -68.87633
472499999 -69.07218
473333333 -69.33878
474166666 -69.54257
474999999 -69.77956
475833333 -70.03771
476666666 -70.25309
477499999 -70.55063
478333333 -70.83231
479166666 -71.14935
479999999 -71.44048
480833333 -71.79912
481666666 -72.09409
482499999 -72.45226
483333333 -72.86085
484166666 -73.30786
484999999 -73.64384
485833333 -74.24268
486666666 -74.6963
487499999 -75.14173
488333333 -75.75259
489166666 -76.33208
489999999 -76.9893
490833333 -77.68045
491666666 -78.45028
492499999 -79.20398
493333333 -80.07584
494166666 -81.04485
494999999 -82.06676
495833333 -83.11672
496666666 -84.38559
497499999 -85.21902
498333333 -86.25402
499166666 -86.94866
499999999 -86.97488
