8.333330000000000000e+05 -8.124476061625807688e+01
1.666666000000000000e+06 -8.031784527326956891e+01
2.500000000000000000e+06 -8.043059164102092495e+01
3.333333000000000000e+06 -8.029366291257686328e+01
4.166666000000000000e+06 -7.974073375256766383e+01
5.000000000000000000e+06 -8.109049768652963053e+01
5.833333000000000000e+06 -8.142671590932089032e+01
6.666666000000000000e+06 -8.264355008060519481e+01
7.499999000000000000e+06 -8.132390674861954949e+01
8.333333000000000000e+06 -8.154438469697390701e+01
9.166666000000000000e+06 -8.190681050460972301e+01
1.000000000000000000e+07 -8.432228169082321756e+01
1.083333300000000000e+07 -8.398700525442328058e+01
1.166666600000000000e+07 -8.346507159145276944e+01
1.250000000000000000e+07 -8.380887849235195119e+01
1.333333300000000000e+07 -8.338707528398762747e+01
1.416666600000000000e+07 -8.357131738078061289e+01
1.500000000000000000e+07 -8.464396848319347555e+01
1.583333300000000000e+07 -8.275851913283719341e+01
1.666666600000000000e+07 -8.370503429058707923e+01
1.750000000000000000e+07 -8.428089784415934105e+01
1.833333300000000000e+07 -8.602871327449584271e+01
1.916666600000000000e+07 -8.614548537752295942e+01
2.000000000000000000e+07 -8.693077008479868084e+01
2.083333300000000000e+07 -8.446369676319916664e+01
2.166666600000000000e+07 -8.566182144362974782e+01
2.249999900000000000e+07 -8.748451652498681597e+01
2.333333300000000000e+07 -8.612556794592407527e+01
2.416666600000000000e+07 -8.617847986388903792e+01
2.499999900000000000e+07 -8.702986634501220919e+01
2.583333300000000000e+07 -8.657922314286398091e+01
2.666666600000000000e+07 -8.639321524883936831e+01
2.749999900000000000e+07 -8.561374574792439773e+01
2.833333300000000000e+07 -8.780383922677870601e+01
2.916666600000000000e+07 -8.833061675469596707e+01
2.999999900000000000e+07 -8.737683519064808024e+01
3.083333300000000000e+07 -9.177634797392222765e+01
3.166666600000000000e+07 -8.800736829362850244e+01
3.249999900000000000e+07 -9.612229845394961103e+01
3.333333300000000000e+07 -8.719423897862446893e+01
3.416666600000000000e+07 -8.801913262091362355e+01
3.499999900000000000e+07 -8.825156291500243810e+01
3.583333300000000000e+07 -8.749647654189644186e+01
3.666666600000000000e+07 -8.766987515334051295e+01
3.749999900000000000e+07 -9.025057936531609926e+01
3.833333300000000000e+07 -8.706672785879695198e+01
3.916666600000000000e+07 -8.833047243400763193e+01
4.000000000000000000e+07 -8.991001633234760959e+01
4.083333300000000000e+07 -8.717304852935060921e+01
4.166666600000000000e+07 -9.838515805809079495e+01
4.250000000000000000e+07 -1.000449817601002991e+02
4.333333300000000000e+07 -9.705898755268741240e+01
4.416666600000000000e+07 -9.419988669096318290e+01
4.500000000000000000e+07 -8.966694257226583886e+01
4.583333300000000000e+07 -8.899819651666848586e+01
4.666666600000000000e+07 -8.976617211217480019e+01
4.750000000000000000e+07 -9.074527149886053223e+01
4.833333300000000000e+07 -9.673066938435067641e+01
4.916666600000000000e+07 -1.189291767719098800e+02
5.000000000000000000e+07 -1.009453252635582743e+02
5.083333300000000000e+07 -9.251187865095941731e+01
5.166666600000000000e+07 -1.017551238847943296e+02
5.250000000000000000e+07 -9.269821908102906605e+01
5.333333300000000000e+07 -8.815331788923384693e+01
5.416666600000000000e+07 -9.039596986143310176e+01
5.500000000000000000e+07 -1.010381984626259424e+02
5.583333300000000000e+07 -9.047472345255108905e+01
5.666666600000000000e+07 -9.909745358372717305e+01
5.750000000000000000e+07 -8.984881613593545069e+01
5.833333300000000000e+07 -8.977613803062622821e+01
5.916666600000000000e+07 -9.080223613796427173e+01
6.000000000000000000e+07 -8.912303916318869312e+01
6.083333300000000000e+07 -9.908250419575942658e+01
6.166666600000000000e+07 -8.894582159087521234e+01
6.250000000000000000e+07 -8.877560857490273349e+01
6.333333300000000000e+07 -9.104667716992781834e+01
6.416666600000000000e+07 -8.991205949004995546e+01
6.500000000000000000e+07 -9.157987684754613156e+01
6.583333300000000000e+07 -8.960621522145947893e+01
6.666666600000000000e+07 -9.617428266022761818e+01
6.750000000000000000e+07 -9.330595517113036408e+01
6.833333300000000000e+07 -9.792480675290195791e+01
6.916666600000000000e+07 -9.042969945607350724e+01
7.000000000000000000e+07 -9.667429904405744878e+01
7.083333300000000000e+07 -8.802214000177484365e+01
7.166666600000000000e+07 -9.674990201202612639e+01
7.250000000000000000e+07 -9.402805916788153695e+01
7.333333300000000000e+07 -9.401681014084400090e+01
7.416666600000000000e+07 -9.087360291687735980e+01
7.500000000000000000e+07 -8.914996128505705997e+01
7.583333300000000000e+07 -9.457525426572699701e+01
7.666666600000000000e+07 -9.317146354739600156e+01
7.750000000000000000e+07 -8.924582195454783573e+01
7.833333300000000000e+07 -9.246822468759354763e+01
7.916666600000000000e+07 -9.074923990235896554e+01
8.000000000000000000e+07 -1.070198158355880622e+02
8.083333300000000000e+07 -9.551169734415928758e+01
8.166666600000000000e+07 -1.069996261844360959e+02
8.249999900000000000e+07 -9.249887791676060544e+01
8.333333300000000000e+07 -9.078168799523778887e+01
8.416666600000000000e+07 -9.003831598129382030e+01
8.499999900000000000e+07 -9.254896220344834035e+01
8.583333300000000000e+07 -9.414317299395878536e+01
8.666666600000000000e+07 -8.956139373238195844e+01
8.749999900000000000e+07 -9.928201109472522035e+01
8.833333300000000000e+07 -8.801633222143973967e+01
8.916666600000000000e+07 -9.074378148879495143e+01
8.999999900000000000e+07 -1.012494834745563992e+02
9.083333300000000000e+07 -1.042379543794321819e+02
9.166666600000000000e+07 -9.329861270194550116e+01
9.249999900000000000e+07 -9.484132593472700989e+01
9.333333300000000000e+07 -9.398137727515009487e+01
9.416666600000000000e+07 -8.828309665598588651e+01
9.499999900000000000e+07 -8.752158813039807228e+01
9.583333300000000000e+07 -8.854606719423284744e+01
9.666666600000000000e+07 -8.964615971124315763e+01
9.749999900000000000e+07 -9.260574114410638913e+01
9.833333300000000000e+07 -8.905169919541066292e+01
9.916666600000000000e+07 -9.005696908512845766e+01
9.999999900000000000e+07 -8.820221460206624897e+01
1.008333330000000000e+08 -9.156231544686221469e+01
1.016666660000000000e+08 -9.746394592931594048e+01
1.024999990000000000e+08 -9.445284700027434610e+01
1.033333330000000000e+08 -9.054487952406903162e+01
1.041666660000000000e+08 -8.912988441140544182e+01
1.049999990000000000e+08 -9.148659321174740455e+01
1.058333330000000000e+08 -9.034048842161659820e+01
1.066666660000000000e+08 -8.841444122617063783e+01
1.074999990000000000e+08 -8.795823686647663919e+01
1.083333330000000000e+08 -8.728585661600293122e+01
1.091666660000000000e+08 -9.045602391905690354e+01
1.099999990000000000e+08 -9.043039836855072622e+01
1.108333330000000000e+08 -9.081126655205383713e+01
1.116666660000000000e+08 -9.068192384430335551e+01
1.124999990000000000e+08 -8.700691969979089890e+01
1.133333330000000000e+08 -9.671831402931968569e+01
1.141666660000000000e+08 -1.038439329994419325e+02
1.149999990000000000e+08 -8.970651015872181233e+01
1.158333330000000000e+08 -8.940053259105346228e+01
1.166666660000000000e+08 -9.132860732455284847e+01
1.174999990000000000e+08 -8.982761131962465129e+01
1.183333330000000000e+08 -9.396802027892519504e+01
1.191666660000000000e+08 -8.931127955583525591e+01
1.199999990000000000e+08 -9.352381554595768876e+01
1.208333330000000000e+08 -1.001160085145293692e+02
1.216666660000000000e+08 -8.930429994137703886e+01
1.224999990000000000e+08 -9.293530117829473625e+01
1.233333330000000000e+08 -8.726189133967432099e+01
1.241666660000000000e+08 -9.361054422499628913e+01
1.249999990000000000e+08 -1.052603977646922431e+02
1.258333330000000000e+08 -1.044743195952776205e+02
1.266666660000000000e+08 -8.964543017574294481e+01
1.274999990000000000e+08 -9.636475285338812569e+01
1.283333330000000000e+08 -9.255750104121410970e+01
1.291666660000000000e+08 -9.073117880762220011e+01
1.299999990000000000e+08 -9.008446007066346795e+01
1.308333330000000000e+08 -1.051991048326764826e+02
1.316666660000000000e+08 -9.130708228100887425e+01
1.324999990000000000e+08 -9.332160711604035441e+01
1.333333330000000000e+08 -8.795327600725292427e+01
1.341666660000000000e+08 -1.013377772792023421e+02
1.349999990000000000e+08 -9.411817960902962454e+01
1.358333330000000000e+08 -9.590684971044616702e+01
1.366666660000000000e+08 -9.145870010555594831e+01
1.374999990000000000e+08 -9.007244300837899686e+01
1.383333330000000000e+08 -9.320292270634645604e+01
1.391666660000000000e+08 -9.141703235272620987e+01
1.399999990000000000e+08 -1.010739983541895128e+02
1.408333330000000000e+08 -1.040888500182589240e+02
1.416666660000000000e+08 -8.809064214682963723e+01
1.424999990000000000e+08 -9.946022986003393385e+01
1.433333330000000000e+08 -9.847536963917588082e+01
1.441666660000000000e+08 -9.225877903213317666e+01
1.449999990000000000e+08 -8.753073140261192009e+01
1.458333330000000000e+08 -8.964069977344342988e+01
1.466666660000000000e+08 -9.078024014534328501e+01
1.474999990000000000e+08 -8.766273311910461530e+01
1.483333330000000000e+08 -9.387004628391068195e+01
1.491666660000000000e+08 -9.198426636572841630e+01
1.499999990000000000e+08 -9.171262890579562566e+01
1.508333330000000000e+08 -9.633141543727857936e+01
1.516666660000000000e+08 -9.149453223977518235e+01
1.524999990000000000e+08 -1.026317305935134669e+02
1.533333330000000000e+08 -9.274756687907468233e+01
1.541666660000000000e+08 -1.024320574942943693e+02
1.549999990000000000e+08 -9.491906624874502540e+01
1.558333330000000000e+08 -9.065082635228628760e+01
1.566666660000000000e+08 -8.818745261485224773e+01
1.574999990000000000e+08 -9.473611165025006642e+01
1.583333330000000000e+08 -9.749090457335449855e+01
1.591666660000000000e+08 -9.391490010767606122e+01
1.599999990000000000e+08 -9.032986420495639379e+01
1.608333330000000000e+08 -9.149318841081674236e+01
1.616666660000000000e+08 -9.336170545673579113e+01
1.625000000000000000e+08 -8.869610528251399728e+01
1.633333330000000000e+08 -1.105215689772656447e+02
1.641666660000000000e+08 -9.556148067207523411e+01
1.650000000000000000e+08 -8.631786626954843200e+01
1.658333330000000000e+08 -8.809767450528144650e+01
1.666666660000000000e+08 -8.892304792415721693e+01
1.675000000000000000e+08 -9.036750402981519414e+01
1.683333330000000000e+08 -8.828975848165993057e+01
1.691666660000000000e+08 -8.879007502706022592e+01
1.700000000000000000e+08 -8.587385992630630938e+01
1.708333330000000000e+08 -8.837196841763795874e+01
1.716666660000000000e+08 -8.624586383441148030e+01
1.725000000000000000e+08 -8.494516086799563936e+01
1.733333330000000000e+08 -8.728359990320325323e+01
1.741666660000000000e+08 -8.497477290322387944e+01
1.750000000000000000e+08 -9.522846745707626326e+01
1.758333330000000000e+08 -8.613012612011489466e+01
1.766666660000000000e+08 -8.564985310738025248e+01
1.775000000000000000e+08 -8.547494349796282620e+01
1.783333330000000000e+08 -8.574529608872296649e+01
1.791666660000000000e+08 -8.517137661039812713e+01
1.800000000000000000e+08 -9.089811537219551951e+01
1.808333330000000000e+08 -9.140485192928331060e+01
1.816666660000000000e+08 -9.093089550626957873e+01
1.825000000000000000e+08 -9.286986611456144658e+01
1.833333330000000000e+08 -9.263352618695820695e+01
1.841666660000000000e+08 -1.066600325386811789e+02
1.850000000000000000e+08 -9.423603899808071560e+01
1.858333330000000000e+08 -9.000845923336501642e+01
1.866666660000000000e+08 -9.838873991354350323e+01
1.875000000000000000e+08 -9.037623447994155867e+01
1.883333330000000000e+08 -9.385792028109887042e+01
1.891666660000000000e+08 -9.171596316118296954e+01
1.900000000000000000e+08 -8.883012221727673818e+01
1.908333330000000000e+08 -9.544442993919039964e+01
1.916666660000000000e+08 -1.007391158393335502e+02
1.925000000000000000e+08 -9.608350091013194572e+01
1.933333330000000000e+08 -8.827345193984956495e+01
1.941666660000000000e+08 -9.487483624648690750e+01
1.950000000000000000e+08 -9.074655475707074004e+01
1.958333330000000000e+08 -9.113415377602116507e+01
1.966666660000000000e+08 -9.007919384463512813e+01
1.975000000000000000e+08 -8.944031544475646456e+01
1.983333330000000000e+08 -8.854901649378950879e+01
1.991666660000000000e+08 -8.634814775569667233e+01
2.000000000000000000e+08 -9.057003238344513818e+01
2.008333330000000000e+08 -8.701808945678251916e+01
2.016666660000000000e+08 -8.892347666708573684e+01
2.025000000000000000e+08 -9.112503546532623488e+01
2.033333330000000000e+08 -9.185302741088446510e+01
2.041666660000000000e+08 -8.928639266771007499e+01
2.050000000000000000e+08 -9.000763909455520206e+01
2.058333330000000000e+08 -8.895380291599579436e+01
2.066666660000000000e+08 -9.226497000452317820e+01
2.075000000000000000e+08 -9.238034743960483297e+01
2.083333330000000000e+08 -8.820699059796038455e+01
2.091666660000000000e+08 -8.966375762606310218e+01
2.100000000000000000e+08 -8.971154601215889102e+01
2.108333330000000000e+08 -8.605332828140871015e+01
2.116666660000000000e+08 -8.770982624167196207e+01
2.125000000000000000e+08 -9.342358315708858640e+01
2.133333330000000000e+08 -8.725319842810918658e+01
2.141666660000000000e+08 -1.020549451246556032e+02
2.150000000000000000e+08 -9.317444745231310321e+01
2.158333330000000000e+08 -8.756900968866605695e+01
2.166666660000000000e+08 -8.726147074706267404e+01
2.175000000000000000e+08 -9.147487967692239863e+01
2.183333330000000000e+08 -8.736857325698017007e+01
2.191666660000000000e+08 -8.913432941387226549e+01
2.200000000000000000e+08 -8.986698701528845845e+01
2.208333330000000000e+08 -8.798351644657489601e+01
2.216666660000000000e+08 -8.669124907190322915e+01
2.225000000000000000e+08 -8.728919113822672671e+01
2.233333330000000000e+08 -9.119560132871329472e+01
2.241666660000000000e+08 -8.764358633352942718e+01
2.250000000000000000e+08 -8.936670689141101320e+01
2.258333330000000000e+08 -8.473132876927046198e+01
2.266666660000000000e+08 -8.777086729950494259e+01
2.275000000000000000e+08 -8.833225593561925848e+01
2.283333330000000000e+08 -8.652974903192139777e+01
2.291666660000000000e+08 -8.744532250648502725e+01
2.300000000000000000e+08 -8.643509147854430807e+01
2.308333330000000000e+08 -8.717069980434501986e+01
2.316666660000000000e+08 -8.702847665145300482e+01
2.325000000000000000e+08 -8.578977514717652753e+01
2.333333330000000000e+08 -8.636460361145549314e+01
2.341666660000000000e+08 -9.290448855695845509e+01
2.350000000000000000e+08 -8.715328653851733520e+01
2.358333330000000000e+08 -8.605732143013415225e+01
2.366666660000000000e+08 -8.679042635234560521e+01
2.375000000000000000e+08 -8.501794313656972690e+01
2.383333330000000000e+08 -8.629840824734380078e+01
2.391666660000000000e+08 -8.959960033550370895e+01
2.400000000000000000e+08 -8.448950655814044808e+01
2.408333330000000000e+08 -8.454636457818224926e+01
2.416666660000000000e+08 -8.567613289351426431e+01
2.425000000000000000e+08 -8.667406335009003726e+01
2.433333330000000000e+08 -8.303067418204147998e+01
2.441666660000000000e+08 -8.679761927697775548e+01
2.450000000000000000e+08 -8.507850266900631198e+01
2.458333330000000000e+08 -8.531562485056390699e+01
2.466666660000000000e+08 -8.524016952691351889e+01
2.475000000000000000e+08 -8.496561526470964054e+01
2.483333330000000000e+08 -8.465315629719830781e+01
2.491666660000000000e+08 -8.576890813034492567e+01
2.500000000000000000e+08 -8.360059364427131356e+01
2.508333330000000000e+08 -8.459357997221287917e+01
2.516666660000000000e+08 -8.305678437453103413e+01
2.525000000000000000e+08 -8.467184917644806319e+01
2.533333330000000000e+08 -8.595751561316816947e+01
2.541666660000000000e+08 -8.402603325810321167e+01
2.550000000000000000e+08 -8.399336944649053294e+01
2.558333330000000000e+08 -8.482003658321490036e+01
2.566666660000000000e+08 -8.412291172698797936e+01
2.575000000000000000e+08 -8.285457452020000346e+01
2.583333330000000000e+08 -8.248546334913294231e+01
2.591666660000000000e+08 -8.257193917102257785e+01
2.600000000000000000e+08 -8.440735024392319019e+01
2.608333330000000000e+08 -8.346156831203427373e+01
2.616666660000000000e+08 -8.533431250686098224e+01
2.625000000000000000e+08 -8.444724605117335159e+01
2.633333330000000000e+08 -8.384790580943493410e+01
2.641666660000000000e+08 -8.385303907372674814e+01
2.650000000000000000e+08 -8.317957276589399385e+01
2.658333330000000000e+08 -8.462329294358542597e+01
2.666666660000000000e+08 -8.330030822966179471e+01
2.675000000000000000e+08 -8.350500637217736255e+01
2.683333330000000000e+08 -8.356491946275670557e+01
2.691666660000000000e+08 -8.484222090310072417e+01
2.700000000000000000e+08 -8.423927887402447823e+01
2.708333330000000000e+08 -8.364577561024661634e+01
2.716666660000000000e+08 -8.418143983006224573e+01
2.725000000000000000e+08 -8.659852288391861919e+01
2.733333330000000000e+08 -8.447011479440223525e+01
2.741666660000000000e+08 -8.491393696984046358e+01
2.750000000000000000e+08 -8.459885214822108424e+01
2.758333330000000000e+08 -8.664451765667809013e+01
2.766666660000000000e+08 -9.328637470239969787e+01
2.775000000000000000e+08 -8.584603516991761296e+01
2.783333330000000000e+08 -9.073100652508465203e+01
2.791666660000000000e+08 -8.797898074844141547e+01
2.800000000000000000e+08 -9.917356327765332935e+01
2.808333330000000000e+08 -9.123845004815609627e+01
2.816666660000000000e+08 -9.292035442083712837e+01
2.825000000000000000e+08 -9.004507390319426463e+01
2.833333330000000000e+08 -8.721750970276872295e+01
2.841666660000000000e+08 -9.164141377854579673e+01
2.850000000000000000e+08 -8.978047532144820764e+01
2.858333330000000000e+08 -9.234515404800440308e+01
2.866666660000000000e+08 -9.596022435057172117e+01
2.875000000000000000e+08 -8.688969912124277073e+01
2.883333330000000000e+08 -9.441854683126707926e+01
2.891666660000000000e+08 -8.887794789803240292e+01
2.900000000000000000e+08 -9.678302819243130273e+01
2.908333330000000000e+08 -9.693866359966054347e+01
2.916666660000000000e+08 -9.291958608178519796e+01
2.925000000000000000e+08 -1.059763658350926221e+02
2.933333330000000000e+08 -9.007749994873330479e+01
2.941666660000000000e+08 -9.084332436524522336e+01
2.950000000000000000e+08 -8.907601673860497726e+01
2.958333330000000000e+08 -8.966820838244181857e+01
2.966666660000000000e+08 -8.959239760155011822e+01
2.975000000000000000e+08 -8.933556070117430181e+01
2.983333330000000000e+08 -1.009969701741812287e+02
2.991666660000000000e+08 -9.109286108696340989e+01
3.000000000000000000e+08 -9.319799420684717006e+01
3.008333330000000000e+08 -9.351779643633598482e+01
3.016666660000000000e+08 -9.167889440048358551e+01
3.025000000000000000e+08 -9.361250217167454934e+01
3.033333330000000000e+08 -8.713122330686084638e+01
3.041666660000000000e+08 -8.650333545339651664e+01
3.050000000000000000e+08 -9.131920142365594018e+01
3.058333330000000000e+08 -9.069978265538260587e+01
3.066666660000000000e+08 -9.313224733027384161e+01
3.075000000000000000e+08 -8.964838563720536513e+01
3.083333330000000000e+08 -8.939429091947579309e+01
3.091666660000000000e+08 -9.101027546443900462e+01
3.100000000000000000e+08 -8.884184396023360364e+01
3.108333330000000000e+08 -9.418862510260612453e+01
3.116666660000000000e+08 -1.032007720928651082e+02
3.125000000000000000e+08 -8.927206391054019718e+01
3.133333330000000000e+08 -8.626251902569038066e+01
3.141666660000000000e+08 -9.780451965606935971e+01
3.150000000000000000e+08 -8.952497258890463172e+01
3.158333330000000000e+08 -9.150347265475835457e+01
3.166666660000000000e+08 -8.870064358152689010e+01
3.175000000000000000e+08 -8.987073087842487951e+01
3.183333330000000000e+08 -9.976809907397384336e+01
3.191666660000000000e+08 -9.493389031180097959e+01
3.200000000000000000e+08 -8.936396981754819535e+01
3.208333330000000000e+08 -9.457471481012487402e+01
3.216666660000000000e+08 -8.662891898752673114e+01
3.225000000000000000e+08 -8.491754166293742401e+01
3.233333330000000000e+08 -8.630579640514042694e+01
3.241666660000000000e+08 -8.682830653229976292e+01
3.249999990000000000e+08 -8.531049722400877044e+01
3.258333330000000000e+08 -8.864690177752534339e+01
3.266666660000000000e+08 -8.388757827500668895e+01
3.274999990000000000e+08 -8.906099819731099387e+01
3.283333330000000000e+08 -8.601485750404641806e+01
3.291666660000000000e+08 -8.398302353558774769e+01
3.299999990000000000e+08 -8.447593976067950905e+01
3.308333330000000000e+08 -9.263997736554335916e+01
3.316666660000000000e+08 -8.471349505047379580e+01
3.324999990000000000e+08 -8.529827729570467909e+01
3.333333330000000000e+08 -9.588690970339348496e+01
3.341666660000000000e+08 -8.505006768286332886e+01
3.349999990000000000e+08 -8.573286074638487264e+01
3.358333330000000000e+08 -8.430143425334662766e+01
3.366666660000000000e+08 -8.359059597226726623e+01
3.374999990000000000e+08 -8.430742500774724135e+01
3.383333330000000000e+08 -8.408640680255986410e+01
3.391666660000000000e+08 -8.906701534630150263e+01
3.399999990000000000e+08 -8.548754117228276073e+01
3.408333330000000000e+08 -8.500770884049336473e+01
3.416666660000000000e+08 -8.434015271845760253e+01
3.424999990000000000e+08 -8.554380946465704483e+01
3.433333330000000000e+08 -8.324136887088585013e+01
3.441666660000000000e+08 -8.378807295140902056e+01
3.449999990000000000e+08 -8.221034076387627465e+01
3.458333330000000000e+08 -8.454552359274075002e+01
3.466666660000000000e+08 -8.455440632387364985e+01
3.474999990000000000e+08 -8.304759225296224656e+01
3.483333330000000000e+08 -8.361236522223524048e+01
3.491666660000000000e+08 -8.638425301358805086e+01
3.499999990000000000e+08 -8.413647454257903746e+01
3.508333330000000000e+08 -8.401977413724937094e+01
3.516666660000000000e+08 -8.622311388553059430e+01
3.524999990000000000e+08 -8.718116548805605248e+01
3.533333330000000000e+08 -8.494952235512644734e+01
3.541666660000000000e+08 -8.256301840942784054e+01
3.549999990000000000e+08 -8.397288773411277418e+01
3.558333330000000000e+08 -8.394012115184125378e+01
3.566666660000000000e+08 -8.475635113945503463e+01
3.574999990000000000e+08 -8.624197376506677415e+01
3.583333330000000000e+08 -8.413628699451139425e+01
3.591666660000000000e+08 -8.449175737529526486e+01
3.599999990000000000e+08 -8.364739311510000164e+01
3.608333330000000000e+08 -8.639435220323923659e+01
3.616666660000000000e+08 -8.417170146646208195e+01
3.624999990000000000e+08 -8.289713449515514299e+01
3.633333330000000000e+08 -8.309818990554553864e+01
3.641666660000000000e+08 -8.377992610697506848e+01
3.649999990000000000e+08 -8.299431054070474545e+01
3.658333330000000000e+08 -8.379498186384601865e+01
3.666666660000000000e+08 -8.526089982606821138e+01
3.674999990000000000e+08 -8.373646255140269545e+01
3.683333330000000000e+08 -8.579511227200100620e+01
3.691666660000000000e+08 -8.305436741066934303e+01
3.699999990000000000e+08 -8.522191711283957716e+01
3.708333330000000000e+08 -8.596580592359229911e+01
3.716666660000000000e+08 -8.511186833351698056e+01
3.724999990000000000e+08 -8.341305281669802696e+01
3.733333330000000000e+08 -8.419327860793416107e+01
3.741666660000000000e+08 -8.550479375944598814e+01
3.749999990000000000e+08 -8.555577259620071118e+01
3.758333330000000000e+08 -8.518382906903021023e+01
3.766666660000000000e+08 -8.496073123718488773e+01
3.774999990000000000e+08 -8.483249457389371173e+01
3.783333330000000000e+08 -8.813955070052062979e+01
3.791666660000000000e+08 -8.590115724452054735e+01
3.799999990000000000e+08 -8.542445947264482697e+01
3.808333330000000000e+08 -8.587169665390328532e+01
3.816666660000000000e+08 -8.533068491431690461e+01
3.824999990000000000e+08 -8.523319453435283322e+01
3.833333330000000000e+08 -8.565869196990541923e+01
3.841666660000000000e+08 -8.971537858440692048e+01
3.849999990000000000e+08 -8.541475012560026414e+01
3.858333330000000000e+08 -8.603194514362127165e+01
3.866666660000000000e+08 -8.467425351868074301e+01
3.874999990000000000e+08 -8.613834231837384436e+01
3.883333330000000000e+08 -8.590570648729215009e+01
3.891666660000000000e+08 -8.657188189619334651e+01
3.899999990000000000e+08 -8.633302757006831030e+01
3.908333330000000000e+08 -8.550035714088089378e+01
3.916666660000000000e+08 -8.615406144744689243e+01
3.924999990000000000e+08 -8.663859996684861642e+01
3.933333330000000000e+08 -8.457056380247463778e+01
3.941666660000000000e+08 -8.537794168482122359e+01
3.949999990000000000e+08 -8.710870680207121097e+01
3.958333330000000000e+08 -8.557687865575333319e+01
3.966666660000000000e+08 -8.768257569109837846e+01
3.974999990000000000e+08 -8.517171866429791294e+01
3.983333330000000000e+08 -8.708977155736533859e+01
3.991666660000000000e+08 -8.795990212479139814e+01
3.999999990000000000e+08 -8.563587450223322151e+01
4.008333330000000000e+08 -8.671120211043081838e+01
4.016666660000000000e+08 -8.646459198345665698e+01
4.024999990000000000e+08 -8.526601012114171851e+01
4.033333330000000000e+08 -8.690453327191056587e+01
4.041666660000000000e+08 -8.705544129751825722e+01
4.049999990000000000e+08 -8.786620318000601060e+01
4.058333330000000000e+08 -8.535711509299792965e+01
4.066666660000000000e+08 -8.398179561313639852e+01
4.074999990000000000e+08 -8.649892950789333668e+01
4.083333330000000000e+08 -8.624564448896319391e+01
4.091666660000000000e+08 -8.534990295865492271e+01
4.099999990000000000e+08 -8.489382597768084793e+01
4.108333330000000000e+08 -8.419540649133568877e+01
4.116666660000000000e+08 -8.603136111252368323e+01
4.124999990000000000e+08 -8.691850506864879833e+01
4.133333330000000000e+08 -8.430412703633855642e+01
4.141666660000000000e+08 -8.375008677000231216e+01
4.149999990000000000e+08 -8.420635851617468859e+01
4.158333330000000000e+08 -8.647744752948723601e+01
4.166666660000000000e+08 -8.559903529904110542e+01
4.174999990000000000e+08 -8.629777619471062167e+01
4.183333330000000000e+08 -8.478689642391472603e+01
4.191666660000000000e+08 -8.536103697585220118e+01
4.199999990000000000e+08 -9.918534553360078121e+01
4.208333330000000000e+08 -9.093347355526118747e+01
4.216666660000000000e+08 -9.237160983945719295e+01
4.224999990000000000e+08 -8.971343952630002150e+01
4.233333330000000000e+08 -9.515237431307512850e+01
4.241666660000000000e+08 -9.500968547663460129e+01
4.249999990000000000e+08 -8.680421590959311118e+01
4.258333330000000000e+08 -8.618206333722034174e+01
4.266666660000000000e+08 -8.863431193510074024e+01
4.274999990000000000e+08 -8.985020766421322946e+01
4.283333330000000000e+08 -9.259863865198268229e+01
4.291666660000000000e+08 -9.381918565335483606e+01
4.299999990000000000e+08 -9.445406911711029352e+01
4.308333330000000000e+08 -9.164576946766237597e+01
4.316666660000000000e+08 -9.264994671778198665e+01
4.324999990000000000e+08 -9.403551356142537543e+01
4.333333330000000000e+08 -8.885747133024102595e+01
4.341666660000000000e+08 -9.057047350413077424e+01
4.349999990000000000e+08 -9.179172432691044037e+01
4.358333330000000000e+08 -9.324535066036078490e+01
4.366666660000000000e+08 -9.103476616959085277e+01
4.374999990000000000e+08 -8.614056773396383448e+01
4.383333330000000000e+08 -9.097873020916736664e+01
4.391666660000000000e+08 -8.760010443079103482e+01
4.399999990000000000e+08 -8.959307809876214890e+01
4.408333330000000000e+08 -8.586090629225800797e+01
4.416666660000000000e+08 -8.994959074140098210e+01
4.424999990000000000e+08 -8.689295827252855986e+01
4.433333330000000000e+08 -8.606699229661325035e+01
4.441666660000000000e+08 -1.045811418226818432e+02
4.449999990000000000e+08 -9.483216240746466497e+01
4.458333330000000000e+08 -9.065456367993499498e+01
4.466666660000000000e+08 -8.954553083250721102e+01
4.474999990000000000e+08 -8.780021194773158300e+01
4.483333330000000000e+08 -8.574527108172945589e+01
4.491666660000000000e+08 -8.620727992582260413e+01
4.499999990000000000e+08 -8.822670478437487418e+01
4.508333330000000000e+08 -8.850023071378853956e+01
4.516666660000000000e+08 -8.507829002768049520e+01
4.524999990000000000e+08 -8.522599842458430430e+01
4.533333330000000000e+08 -8.386502103731808688e+01
4.541666660000000000e+08 -8.613157280703208585e+01
4.549999990000000000e+08 -8.749477985834428750e+01
4.558333330000000000e+08 -8.625102619262010251e+01
4.566666660000000000e+08 -8.610371582969233373e+01
4.574999990000000000e+08 -8.699597440872382492e+01
4.583333330000000000e+08 -8.738379182927027955e+01
4.591666660000000000e+08 -8.418726314810270139e+01
4.599999990000000000e+08 -8.466712610989623045e+01
4.608333330000000000e+08 -8.509827544719392733e+01
4.616666660000000000e+08 -8.464409160689535838e+01
4.624999990000000000e+08 -8.427643679580823743e+01
4.633333330000000000e+08 -8.354324286639189268e+01
4.641666660000000000e+08 -8.402221998481425658e+01
4.649999990000000000e+08 -8.357807745134945776e+01
4.658333330000000000e+08 -8.342840136853057231e+01
4.666666660000000000e+08 -8.386536118550615981e+01
4.674999990000000000e+08 -8.274289754286647280e+01
4.683333330000000000e+08 -8.275231705801211035e+01
4.691666660000000000e+08 -8.438802640633167584e+01
4.699999990000000000e+08 -8.290740025592745610e+01
4.708333330000000000e+08 -8.212539895905949550e+01
4.716666660000000000e+08 -8.274733188711999787e+01
4.724999990000000000e+08 -8.321929646710782436e+01
4.733333330000000000e+08 -8.403783054193530688e+01
4.741666660000000000e+08 -8.287090825994729926e+01
4.749999990000000000e+08 -8.396558556984471977e+01
4.758333330000000000e+08 -8.363847677412979920e+01
4.766666660000000000e+08 -8.694077153868116170e+01
4.774999990000000000e+08 -8.670504694345650876e+01
4.783333330000000000e+08 -8.630124074891267583e+01
4.791666660000000000e+08 -8.712329895512283429e+01
4.799999990000000000e+08 -8.509775457355496542e+01
4.808333330000000000e+08 -8.653833304658670045e+01
4.816666660000000000e+08 -8.788350100976902013e+01
4.824999990000000000e+08 -8.530050496726055087e+01
4.833333330000000000e+08 -8.679710631837718893e+01
4.841666660000000000e+08 -8.641597104967618748e+01
4.849999990000000000e+08 -9.010903604527796062e+01
4.858333330000000000e+08 -1.020954361591914505e+02
4.866666660000000000e+08 -9.131956148248573868e+01
4.874999990000000000e+08 -8.639054684953934782e+01
4.883333330000000000e+08 -9.223636513108402823e+01
4.891666660000000000e+08 -8.950673449465773501e+01
4.899999990000000000e+08 -9.656139599812226493e+01
4.908333330000000000e+08 -1.033825154519050358e+02
4.916666660000000000e+08 -9.252481265482697381e+01
4.924999990000000000e+08 -8.980354110997055272e+01
4.933333330000000000e+08 -9.098626521180933935e+01
4.941666660000000000e+08 -8.689600946280513938e+01
4.949999990000000000e+08 -9.234495877009344156e+01
4.958333330000000000e+08 -9.132337413818473237e+01
4.966666660000000000e+08 -8.512770917894349054e+01
4.974999990000000000e+08 -8.563818477467044943e+01
4.983333330000000000e+08 -8.658429206048654692e+01
4.991666660000000000e+08 -8.565019555461816481e+01
4.999999990000000000e+08 -8.796952998867658380e+01
