0 -33.6804
833333 -72.14716
1666666 -72.41603
2500000 -72.21412
3333333 -72.1488
4166666 -72.09888
5000000 -71.86886
5833333 -71.64072
6666666 -71.51395
7499999 -71.45835
8333333 -71.3672
9166666 -71.30115
10000000 -71.215
10833333 -71.14043
11666666 -71.07386
12500000 -71.00561
13333333 -70.95126
14166666 -70.91547
15000000 -70.85425
15833333 -70.79184
16666666 -70.74621
17500000 -70.70398
18333333 -70.62717
19166666 -70.62397
20000000 -70.53322
20833333 -70.52995
21666666 -70.44017
22499999 -70.42561
23333333 -70.36544
24166666 -70.3277
24999999 -70.31824
25833333 -70.2753
26666666 -70.24683
27499999 -70.24634
28333333 -70.17675
29166666 -70.13896
29999999 -70.14178
30833333 -70.13262
31666666 -70.08266
32499999 -70.09216
33333333 -70.06966
34166666 -70.0803
34999999 -70.09399
35833333 -70.03098
36666666 -70.03854
37499999 -70.00064
38333333 -69.99538
39166666 -70.035
40000000 -70.02939
40833333 -70.01228
41666666 -70.05591
42500000 -70.02113
43333333 -70.05145
44166666 -70.07145
45000000 -70.06778
45833333 -70.03637
46666666 -70.09909
47500000 -70.08572
48333333 -70.12383
49166666 -70.16241
50000000 -70.15778
50833333 -70.13731
51666666 -70.19632
52500000 -70.28049
53333333 -70.24911
54166666 -70.28013
55000000 -70.31767
55833333 -70.31039
56666666 -70.36466
57500000 -70.40305
58333333 -70.46712
59166666 -70.52168
60000000 -70.52296
60833333 -70.58521
61666666 -70.61667
62500000 -70.64834
63333333 -70.74343
64166666 -70.76719
65000000 -70.79005
65833333 -70.85741
66666666 -70.89857
67500000 -70.96845
68333333 -71.02369
69166666 -70.99106
70000000 -71.04575
70833333 -71.13154
71666666 -71.17107
72500000 -71.23682
73333333 -71.25193
74166666 -71.32646
75000000 -71.36748
75833333 -71.37664
76666666 -71.51563
77500000 -71.46793
78333333 -71.54391
79166666 -71.57218
80000000 -71.57345
80833333 -71.62607
81666666 -71.68631
82499999 -71.73959
83333333 -71.76086
84166666 -71.8058
84999999 -71.81959
85833333 -71.85621
86666666 -71.9408
87499999 -71.93568
88333333 -71.95666
89166666 -71.97332
89999999 -71.98977
90833333 -71.9747
91666666 -72.0257
92499999 -72.03522
93333333 -72.07436
94166666 -72.03995
94999999 -72.02489
95833333 -72.05057
96666666 -72.09177
97499999 -72.02487
98333333 -72.03842
99166666 -72.01357
99999999 -71.96344
100833333 -71.9621
101666666 -71.96159
102499999 -71.94589
103333333 -71.90833
104166666 -71.89985
104999999 -71.90028
105833333 -71.85402
106666666 -71.85629
107499999 -71.76543
108333333 -71.74509
109166666 -71.63451
109999999 -71.64031
110833333 -71.58903
111666666 -71.59264
112499999 -71.53436
113333333 -71.50575
114166666 -71.45954
114999999 -71.41056
115833333 -71.38471
116666666 -71.30525
117499999 -71.25418
118333333 -71.20029
119166666 -71.18304
119999999 -71.12562
120833333 -71.09633
121666666 -71.04581
122499999 -70.96752
123333333 -70.95454
124166666 -70.92136
124999999 -70.90975
125833333 -70.80849
126666666 -70.78403
127499999 -70.73301
128333333 -70.68891
129166666 -70.65742
129999999 -70.59461
130833333 -70.58887
131666666 -70.57935
132499999 -70.5507
133333333 -70.4705
134166666 -70.46652
134999999 -70.43955
135833333 -70.38905
136666666 -70.38187
137499999 -70.35188
138333333 -70.306
139166666 -70.27941
139999999 -70.27464
140833333 -70.25977
141666666 -70.20341
142499999 -70.20603
143333333 -70.19647
144166666 -70.18484
144999999 -70.20195
145833333 -70.16222
146666666 -70.16153
147499999 -70.14658
148333333 -70.13174
149166666 -70.12655
149999999 -70.13499
150833333 -70.12128
151666666 -70.13651
152499999 -70.11462
153333333 -70.12431
154166666 -70.11293
154999999 -70.14249
155833333 -70.13615
156666666 -70.12136
157499999 -70.12152
158333333 -70.15421
159166666 -70.13884
159999999 -70.19581
160833333 -70.19134
161666666 -70.22879
162500000 -70.22099
163333333 -70.22617
164166666 -70.23317
165000000 -70.26693
165833333 -70.29993
166666666 -70.31738
167500000 -70.30363
168333333 -70.31557
169166666 -70.33175
170000000 -70.36125
170833333 -70.39175
171666666 -70.42617
172500000 -70.43951
173333333 -70.49551
174166666 -70.49312
175000000 -70.53936
175833333 -70.54212
176666666 -70.60032
177500000 -70.6591
178333333 -70.63314
179166666 -70.70316
180000000 -70.68664
180833333 -70.74018
181666666 -70.76824
182500000 -70.87709
183333333 -70.88047
184166666 -70.9404
185000000 -70.94054
185833333 -71.02154
186666666 -71.09612
187500000 -71.11894
188333333 -71.16602
189166666 -71.2093
190000000 -71.30365
190833333 -71.33806
191666666 -71.3792
192500000 -71.43298
193333333 -71.46851
194166666 -71.49232
195000000 -71.59885
195833333 -71.57453
196666666 -71.59921
197500000 -71.63519
198333333 -71.6687
199166666 -71.71009
200000000 -71.74242
200833333 -71.78046
201666666 -71.86785
202500000 -71.84146
203333333 -71.87086
204166666 -71.89528
205000000 -71.89207
205833333 -71.96997
206666666 -71.93288
207500000 -72.03138
208333333 -72.02152
209166666 -72.03777
210000000 -72.04253
210833333 -72.05851
211666666 -72.03212
212500000 -72.099
213333333 -72.06801
214166666 -72.09927
215000000 -72.12949
215833333 -72.06402
216666666 -72.06736
217500000 -72.06503
218333333 -72.05507
219166666 -72.04507
220000000 -71.98486
220833333 -72.01505
221666666 -72.01852
222500000 -71.97688
223333333 -71.97829
224166666 -71.93241
225000000 -71.90334
225833333 -71.89697
226666666 -71.83001
227500000 -71.82478
228333333 -71.80517
229166666 -71.70435
230000000 -71.68423
230833333 -71.66914
231666666 -71.62059
232500000 -71.57919
233333333 -71.55962
234166666 -71.51614
235000000 -71.45549
235833333 -71.38038
236666666 -71.32843
237500000 -71.3179
238333333 -71.29604
239166666 -71.25845
240000000 -71.20036
240833333 -71.22959
241666666 -71.09876
242500000 -71.08962
243333333 -71.01476
244166666 -71.00352
245000000 -70.96679
245833333 -70.88464
246666666 -70.872
247500000 -70.7995
248333333 -70.77744
249166666 -70.73164
250000000 -70.66698
250833333 -70.66647
251666666 -70.59767
252500000 -70.58611
253333333 -70.53812
254166666 -70.5396
255000000 -70.52183
255833333 -70.43634
256666666 -70.41605
257500000 -70.36497
258333333 -70.36749
259166666 -70.35631
260000000 -70.28493
260833333 -70.27711
261666666 -70.24676
262500000 -70.22324
263333333 -70.20477
264166666 -70.19308
265000000 -70.16174
265833333 -70.14828
266666666 -70.12628
267500000 -70.10931
268333333 -70.10886
269166666 -70.0659
270000000 -70.08279
270833333 -70.05373
271666666 -70.0635
272500000 -70.00013
273333333 -70.0338
274166666 -70.04713
275000000 -70.02657
275833333 -69.98685
276666666 -69.92763
277500000 -69.90097
278333333 -69.93861
279166666 -69.93987
280000000 -69.97312
280833333 -69.96378
281666666 -69.93009
282500000 -69.95792
283333333 -69.98024
284166666 -70.01041
285000000 -70.06744
285833333 -70.00422
286666666 -70.03828
287500000 -70.02573
288333333 -70.08102
289166666 -70.07539
290000000 -70.12087
290833333 -70.11983
291666666 -70.19472
292500000 -70.18255
293333333 -70.18547
294166666 -70.22419
295000000 -70.21844
295833333 -70.24496
296666666 -70.28001
297500000 -70.31943
298333333 -70.39787
299166666 -70.38668
300000000 -70.40552
300833333 -70.48435
301666666 -70.49803
302500000 -70.48078
303333333 -70.57726
304166666 -70.57143
305000000 -70.63022
305833333 -70.64359
306666666 -70.72214
307500000 -70.73347
308333333 -70.82422
309166666 -70.81003
310000000 -70.84505
310833333 -70.91872
311666666 -70.89294
312500000 -70.95174
313333333 -71.01904
314166666 -70.9993
315000000 -71.07275
315833333 -71.09165
316666666 -71.1442
317500000 -71.13779
318333333 -71.21566
319166666 -71.23773
320000000 -71.30961
320833333 -71.33001
321666666 -71.34166
322500000 -71.38578
323333333 -71.42727
324166666 -71.45751
324999999 -71.50148
325833333 -71.52845
326666666 -71.56288
327499999 -71.52467
328333333 -71.6062
329166666 -71.64569
329999999 -71.62016
330833333 -71.63904
331666666 -71.64179
332499999 -71.70535
333333333 -71.65707
334166666 -71.74026
334999999 -71.70358
335833333 -71.70652
336666666 -71.73959
337499999 -71.81651
338333333 -71.70786
339166666 -71.77944
339999999 -71.77225
340833333 -71.74463
341666666 -71.77457
342499999 -71.74411
343333333 -71.80711
344166666 -71.75966
344999999 -71.72216
345833333 -71.75144
346666666 -71.68531
347499999 -71.76971
348333333 -71.69302
349166666 -71.68846
349999999 -71.67532
350833333 -71.62014
351666666 -71.61902
352499999 -71.63437
353333333 -71.57389
354166666 -71.54887
354999999 -71.53025
355833333 -71.52103
356666666 -71.47887
357499999 -71.45026
358333333 -71.39909
359166666 -71.42271
359999999 -71.37369
360833333 -71.33281
361666666 -71.29462
362499999 -71.26328
363333333 -71.17422
364166666 -71.16282
364999999 -71.07288
365833333 -71.12444
366666666 -71.11784
367499999 -71.02747
368333333 -71.03867
369166666 -70.97561
369999999 -70.94016
370833333 -70.84803
371666666 -70.81489
372499999 -70.83682
373333333 -70.77914
374166666 -70.75188
374999999 -70.68582
375833333 -70.66908
376666666 -70.64758
377499999 -70.59977
378333333 -70.58952
379166666 -70.52505
379999999 -70.50603
380833333 -70.44975
381666666 -70.41998
382499999 -70.40816
383333333 -70.39548
384166666 -70.35735
384999999 -70.35196
385833333 -70.2962
386666666 -70.27695
387499999 -70.23322
388333333 -70.23338
389166666 -70.21465
389999999 -70.14568
390833333 -70.18087
391666666 -70.14097
392499999 -70.08093
393333333 -70.10851
394166666 -70.07156
394999999 -70.05522
395833333 -70.04653
396666666 -70.03759
397499999 -70.00253
398333333 -70.00523
399166666 -69.95729
399999999 -69.99471
400833333 -69.95663
401666666 -69.95948
402499999 -69.98145
403333333 -69.93908
404166666 -69.93719
404999999 -69.93682
405833333 -69.95039
406666666 -69.94543
407499999 -69.96218
408333333 -69.92552
409166666 -69.93971
409999999 -69.92948
410833333 -69.9343
411666666 -69.94074
412499999 -69.94692
413333333 -69.97182
414166666 -69.95647
414999999 -69.98838
415833333 -69.99514
416666666 -70.04961
417499999 -70.06577
418333333 -70.06317
419166666 -70.02635
419999999 -69.98075
420833333 -70.00921
421666666 -70.06786
422499999 -70.04863
423333333 -70.05087
424166666 -70.13629
424999999 -70.16351
425833333 -70.1694
426666666 -70.19505
427499999 -70.28049
428333333 -70.25911
429166666 -70.30859
429999999 -70.31322
430833333 -70.36257
431666666 -70.42229
432499999 -70.45457
433333333 -70.48853
434166666 -70.5196
434999999 -70.56268
435833333 -70.59542
436666666 -70.63987
437499999 -70.66647
438333333 -70.74854
439166666 -70.79092
439999999 -70.82243
440833333 -70.84978
441666666 -70.91975
442499999 -70.96513
443333333 -70.97547
444166666 -71.02992
444999999 -71.08823
445833333 -71.16731
446666666 -71.21812
447499999 -71.22964
448333333 -71.27264
449166666 -71.31803
449999999 -71.36327
450833333 -71.36576
451666666 -71.45113
452499999 -71.50127
453333333 -71.5499
454166666 -71.62672
454999999 -71.66133
455833333 -71.7092
456666666 -71.75597
457499999 -71.80759
458333333 -71.80713
459166666 -71.85445
459999999 -71.90355
460833333 -71.91538
461666666 -71.97437
462499999 -71.95894
463333333 -71.96212
464166666 -71.93214
464999999 -71.98027
465833333 -71.98184
466666666 -72.00231
467499999 -72.059
468333333 -72.05404
469166666 -72.09045
469999999 -72.11832
470833333 -72.10981
471666666 -72.11043
472499999 -72.18946
473333333 -72.19999
474166666 -72.1736
474999999 -72.17368
475833333 -72.19205
476666666 -72.18672
477499999 -72.19227
478333333 -72.2604
479166666 -72.18414
479999999 -72.21939
480833333 -72.21125
481666666 -72.23158
482499999 -72.24638
483333333 -72.24747
484166666 -72.23081
484999999 -72.26602
485833333 -72.23808
486666666 -72.26347
487499999 -72.21373
488333333 -72.24657
489166666 -72.27872
489999999 -72.22186
490833333 -72.22968
491666666 -72.23177
492499999 -72.22876
493333333 -72.20894
494166666 -72.21172
494999999 -72.20502
495833333 -72.21571
496666666 -72.25918
497499999 -72.22871
498333333 -72.23978
499166666 -72.24676
499999999 -72.24457
