0 -1.721069
833333 -0.05064583
1666666 0.1719017
2500000 0.05069733
3333333 0.5688057
4166666 0.8446331
5000000 0.3418674
5833333 0.2088661
6666666 0.270504
7499999 0.3111362
8333333 0.3390884
9166666 0.3573074
10000000 0.3691578
10833333 0.3766003
11666666 0.3805008
12500000 0.3819046
13333333 0.3814964
14166666 0.3805923
15000000 0.3773918
15833333 0.3734016
16666666 0.368536
17500000 0.3628998
18333333 0.3570194
19166666 0.3509598
20000000 0.3456917
20833333 0.3405495
21666666 0.336689
22499999 0.332592
23333333 0.3288689
24166666 0.3252945
24999999 0.3218365
25833333 0.3185768
26666666 0.3152199
27499999 0.3117676
28333333 0.3084412
29166666 0.3052235
29999999 0.3019409
30833333 0.2992573
31666666 0.2956696
32499999 0.2934532
33333333 0.2923527
34166666 0.2913761
34999999 0.2910519
35833333 0.29109
36666666 0.2915077
37499999 0.2919693
38333333 0.2925301
39166666 0.2928886
40000000 0.2932243
40833333 0.2939358
41666666 0.2946129
42500000 0.2953033
43333333 0.2953606
44166666 0.2969322
45000000 0.2986984
45833333 0.3005772
46666666 0.3017979
47500000 0.3031349
48333333 0.3048897
49166666 0.3067112
50000000 0.3087196
50833333 0.3111763
51666666 0.3137817
52500000 0.3164063
53333333 0.3194275
54166666 0.3224354
55000000 0.3256264
55833333 0.3287621
56666666 0.332058
57500000 0.335453
58333333 0.3387203
59166666 0.3420258
60000000 0.3454247
60833333 0.3487606
61666666 0.3520393
62500000 0.3551064
63333333 0.3581657
64166666 0.361084
65000000 0.3637695
65833333 0.3665543
66666666 0.369278
67500000 0.3717365
68333333 0.3742409
69166666 0.3766212
70000000 0.3791523
70833333 0.3819256
71666666 0.3849983
72500000 0.3881149
73333333 0.3913345
74166666 0.3948479
75000000 0.3982315
75833333 0.4017715
76666666 0.4055939
77500000 0.4092026
78333333 0.4129372
79166666 0.4166965
80000000 0.4204292
80833333 0.4241714
81666666 0.4277611
82499999 0.4313049
83333333 0.4347153
84166666 0.4380436
84999999 0.4412804
85833333 0.4445038
86666666 0.4474201
87499999 0.4501286
88333333 0.4524231
89166666 0.4542885
89999999 0.4557686
90833333 0.456934
91666666 0.4579544
92499999 0.4584656
93333333 0.4585018
94166666 0.4581146
94999999 0.4573441
95833333 0.4561577
96666666 0.4545174
97499999 0.4523544
98333333 0.4498863
99166666 0.4470577
99999999 0.4436436
100833333 0.4389133
101666666 0.4327431
102499999 0.4261799
103333333 0.4191017
104166666 0.4118385
104999999 0.4052086
105833333 0.3972454
106666666 0.3887558
107499999 0.3799057
108333333 0.3708172
109166666 0.3623886
109999999 0.352684
110833333 0.342701
111666666 0.3323402
112499999 0.3217144
113333333 0.3121872
114166666 0.3013821
114999999 0.290287
115833333 0.2796173
116666666 0.2686596
117499999 0.2584496
118333333 0.247406
119166666 0.2362347
119999999 0.2251663
120833333 0.2141647
121666666 0.2042999
122499999 0.193285
123333333 0.1826248
124166666 0.1720428
124999999 0.1615143
125833333 0.1522636
126666666 0.14217
127499999 0.1321163
128333333 0.1221409
129166666 0.1125259
129999999 0.1028786
130833333 0.09474945
131666666 0.08558655
132499999 0.07668495
133333333 0.06797981
134166666 0.05950165
134999999 0.05239487
135833333 0.04447937
136666666 0.03685379
137499999 0.0294342
138333333 0.02237511
139166666 0.01684952
139999999 0.01045227
140833333 0.004549026
141666666 -0.001117706
142499999 -0.0064888
143333333 -0.01040649
144166666 -0.01493835
144999999 -0.01919937
145833333 -0.02310944
146666666 -0.0267601
147499999 -0.02893448
148333333 -0.03186417
149166666 -0.03453445
149999999 -0.0368576
150833333 -0.03875351
151666666 -0.03939247
152499999 -0.0406189
153333333 -0.04167366
154166666 -0.04225349
154999999 -0.04270172
155833333 -0.04172516
156666666 -0.04151154
157499999 -0.04113197
158333333 -0.04036331
159166666 -0.03944206
159999999 -0.03839302
160833333 -0.03596878
161666666 -0.03442955
162500000 -0.03268814
163333333 -0.03076935
164166666 -0.02872467
165000000 -0.02561951
165833333 -0.02328491
166666666 -0.02086258
167500000 -0.01847839
168333333 -0.01585388
169166666 -0.01233673
170000000 -0.009712219
170833333 -0.007043839
171666666 -0.004394531
172500000 -0.001743317
173333333 0.001659393
174166666 0.004020691
175000000 0.006202698
175833333 0.008272171
176666666 0.009937286
177500000 0.01233673
178333333 0.01323891
179166666 0.01387405
180000000 0.9208431
180833333 0.9221172
181666666 0.9216805
182500000 0.9196587
183333333 0.9173203
184166666 0.9144821
185000000 0.910923
185833333 0.9080963
186666666 0.9037743
187500000 0.8989086
188333333 0.8937626
189166666 0.8883743
190000000 0.882206
190833333 0.8789349
191666666 0.8750458
192500000 0.8709431
193333333 0.8664169
194166666 0.8614693
195000000 0.856184
195833333 0.8504524
196666666 0.8445549
197500000 0.8383293
198333333 0.8316631
199166666 0.8258476
200000000 0.8185978
200833333 0.8112068
201666666 0.8035126
202500000 0.7955265
203333333 0.7873001
204166666 0.7788486
205000000 0.7701073
205833333 0.7612038
206666666 0.75177
207500000 0.7422562
208333333 0.7333641
209166666 0.7232132
210000000 0.7126083
210833333 0.7016468
211666666 0.6904888
212500000 0.6790581
213333333 0.6673279
214166666 0.6553497
215000000 0.6429291
215833333 0.630209
216666666 0.6173782
217500000 0.6052399
218333333 0.5919876
219166666 0.5784302
220000000 0.5645409
220833333 0.550724
221666666 0.5364761
222500000 0.5221786
223333333 0.507679
224166666 0.4933968
225000000 0.4789772
225833333 0.4643173
226666666 0.4507904
227500000 0.4363174
228333333 0.4218063
229166666 0.4073563
230000000 0.3927631
230833333 0.378685
231666666 0.3646698
232500000 0.3506241
233333333 0.3368149
234166666 0.3232651
235000000 0.3109207
235833333 0.2978363
236666666 0.2848892
237500000 0.2720528
238333333 0.2595291
239166666 0.2474022
240000000 0.2355556
240833333 0.2243271
241666666 0.2135201
242500000 0.203373
243333333 0.1940765
244166666 0.1866684
245000000 0.1794014
245833333 0.1727982
246666666 0.1660118
247500000 0.1592255
248333333 0.1521778
249166666 0.1454468
250000000 0.1386681
250833333 0.1323204
251666666 0.1262398
252500000 0.1205006
253333333 0.1159
254166666 0.1105042
255000000 0.1054764
255833333 0.1007233
256666666 0.09633636
257500000 0.09236336
258333333 0.08889008
259166666 0.08563805
260000000 0.08263779
260833333 0.08008575
261666666 0.0777359
262500000 0.07651138
263333333 0.07466125
264166666 0.07296753
265000000 0.07156754
265833333 0.07030678
266666666 0.06928635
267500000 0.06851006
268333333 0.06798172
269166666 0.0674324
270000000 0.06716537
270833333 0.06697464
271666666 0.0678215
272500000 0.06771278
273333333 0.06755447
274166666 0.06735229
275000000 0.06711197
275833333 0.5480576
276666666 1.096218
277500000 1.095667
278333333 1.094839
279166666 1.093575
280000000 1.093138
280833333 1.091389
281666666 1.089142
282500000 1.086643
283333333 1.083488
284166666 1.07999
285000000 1.076138
285833333 1.071667
286666666 1.066689
287500000 1.061302
288333333 1.055338
289166666 1.049803
290000000 1.042507
290833333 1.034845
291666666 1.026297
292500000 1.017105
293333333 1.007259
294166666 0.9967194
295000000 0.9855537
295833333 0.9735413
296666666 0.9610443
297500000 0.9474983
298333333 0.9343071
299166666 0.9192028
300000000 0.9033108
300833333 0.886776
301666666 0.8692284
302500000 0.8508568
303333333 0.8316879
304166666 0.8117676
305000000 0.7912045
305833333 0.7698135
306666666 0.7476845
307500000 0.725708
308333333 0.7020454
309166666 0.6774216
310000000 0.6521511
310833333 0.6261673
311666666 0.5994072
312500000 0.5720596
313333333 0.5440235
314166666 0.5154419
315000000 0.4862366
315833333 0.4565163
316666666 0.4273491
317500000 0.3962975
318333333 0.3653564
319166666 0.3336143
320000000 0.3012352
320833333 0.2686024
321666666 0.2355156
322500000 0.202179
323333333 0.1687164
324166666 0.135067
324999999 0.1021194
325833333 0.06806183
326666666 0.03387833
327499999 -0.0003967285
328333333 -0.034832
329166666 -0.06928062
329999999 -0.1037064
330833333 -0.1380501
331666666 -0.1721535
332499999 -0.2062626
333333333 -0.2400093
334166666 -0.2722893
334999999 -0.3053474
335833333 -0.3378487
336666666 -0.3697891
337499999 -0.4012032
338333333 -0.4321136
339166666 -0.4623985
339999999 -0.4918385
340833333 -0.5204182
341666666 -0.5480728
342499999 -0.5745602
343333333 -0.5987854
344166666 -0.6229553
344999999 -0.6460552
345833333 -0.6679115
346666666 -0.6881962
347499999 -0.7071114
348333333 -0.7245159
349166666 -0.7405586
349999999 -0.7549782
350833333 -0.7678757
351666666 -0.7794762
352499999 -0.7887535
353333333 -0.7975731
354166666 -0.805275
354999999 -0.8117104
355833333 -0.8170033
356666666 -0.8214798
357499999 -0.8247299
358333333 -0.8267574
359166666 -0.8278522
359999999 -0.8277931
360833333 -0.8263016
361666666 -0.8228607
362499999 -0.8192272
363333333 -0.8145008
364166666 -0.8089237
364999999 -0.8022194
365833333 -0.7944336
366666666 -0.7855606
367499999 -0.7758408
368333333 -0.7649269
369166666 -0.7530365
369999999 -0.7391605
370833333 -0.7280731
371666666 -0.7161236
372499999 -0.7032051
373333333 -0.6891747
374166666 -0.6740742
374999999 -0.6590157
375833333 -0.6419735
376666666 -0.6239967
377499999 -0.6052132
378333333 -0.5853653
379166666 -0.5645981
379999999 -0.5438805
380833333 -0.521143
381666666 -0.4974785
382499999 -0.473053
383333333 -0.4475784
384166666 -0.4225559
384999999 -0.3955326
385833333 -0.3678246
386666666 -0.3392868
387499999 -0.3100834
388333333 -0.2800865
389166666 -0.2505856
389999999 -0.2196045
390833333 -0.1876335
391666666 -0.1553593
392499999 -0.1223946
393333333 -0.08991241
394166666 -0.05594444
394999999 -0.0217247
395833333 0.01301956
396666666 0.04791069
397499999 0.08329582
398333333 0.1175461
399166666 0.1530113
399999999 0.1885605
400833333 0.2241096
401666666 0.2597084
402499999 0.2942314
403333333 0.3294754
404166666 0.3644943
404999999 0.3989506
405833333 0.4333534
406666666 0.4668884
407499999 0.4990978
408333333 0.5314999
409166666 0.5632229
409999999 0.5943298
410833333 0.6245651
411666666 0.6527519
412499999 0.6808662
413333333 0.7078018
414166666 0.7337914
414999999 0.7590504
415833333 0.7827721
416666666 0.8039932
417499999 0.824852
418333333 0.8440418
419166666 0.8620567
419999999 1.896198
420833333 1.911148
421666666 1.922935
422499999 1.932831
423333333 1.941002
424166666 1.94746
424999999 1.951874
425833333 1.953156
426666666 1.953701
427499999 1.952293
428333333 1.949074
429166666 1.944069
429999999 1.936226
430833333 1.927389
431666666 1.916594
432499999 1.904377
433333333 1.890606
434166666 1.875195
434999999 1.857195
435833333 1.838612
436666666 1.818489
437499999 1.797077
438333333 1.774475
439166666 1.750566
439999999 1.724834
440833333 1.69883
441666666 1.671917
442499999 1.644176
443333333 1.615551
444166666 1.584671
444999999 1.554607
445833333 1.523796
446666666 1.492638
447499999 1.461205
448333333 1.429218
449166666 1.396313
449999999 1.36393
450833333 1.331463
451666666 1.299316
452499999 1.26717
453333333 1.234398
454166666 1.202848
454999999 1.171642
455833333 1.140697
456666666 1.110382
457499999 1.080521
458333333 1.050261
459166666 1.021782
459999999 0.9937859
460833333 0.9668579
461666666 0.9407463
462499999 0.3355236
463333333 -0.05797958
464166666 -0.08332443
464999999 -0.110199
465833333 -0.1307068
466666666 -0.1529198
467499999 -0.1751499
468333333 -0.195343
469166666 -0.214674
469999999 -0.2326832
470833333 -0.2493687
471666666 -0.2658768
472499999 -0.2802773
473333333 -0.2933407
474166666 -0.3049717
474999999 -0.3151627
475833333 -0.3241043
476666666 -0.3328514
477499999 -0.3390789
478333333 -0.3438683
479166666 -0.3471107
479999999 -0.3490715
480833333 -0.3505859
481666666 -0.3497467
482499999 -0.3473091
483333333 -0.3435631
484166666 -0.338192
484999999 -0.3314381
485833333 -0.3242035
486666666 -0.3146553
487499999 -0.3035374
488333333 -0.2910919
489166666 -0.2773972
489999999 -0.2631187
490833333 -0.249403
491666666 -0.2346134
492499999 -0.2195129
493333333 -0.2020664
494166666 -0.184185
494999999 -0.1642437
495833333 -0.1432915
496666666 -0.1222458
497499999 -0.09883118
498333333 -0.07546997
499166666 -0.05012512
499999999 -0.02511787
