0 -30.49443
500000 -34.0988
1000000 -33.00466
1500000 -32.23264
2000000 -32.47969
2500000 -32.41735
3000000 -31.93806
3500000 -31.59855
4000000 -31.3649
4500000 -31.19971
5000000 -31.62936
5500000 -31.94289
6000000 -31.87084
6500000 -31.81401
7000000 -31.77098
7500000 -31.73637
8000000 -31.70864
8500000 -31.6853
9000000 -31.66748
9500000 -31.65429
10000000 -31.64435
10500000 -31.63562
11000000 -31.62932
11500000 -31.62598
12000000 -31.62284
12500000 -31.62162
13000000 -31.62177
13500000 -31.62159
14000000 -31.62136
14500000 -31.62352
15000000 -31.62585
15500000 -31.62926
16000000 -31.63251
16500000 -31.63626
17000000 -31.63981
17500000 -31.64521
18000000 -31.64975
18500000 -31.65538
19000000 -31.66
19500000 -31.66449
20000000 -31.66863
20500000 -31.67237
21000000 -31.67655
21500000 -31.68047
22000000 -31.68352
22500000 -31.68763
23000000 -31.69098
23500000 -31.6937
24000000 -31.69743
24500000 -31.70073
25000000 -31.70394
25500000 -31.70672
26000000 -31.70974
26500000 -31.71246
27000000 -31.71544
27500000 -31.71851
28000000 -31.72147
28500000 -31.72519
29000000 -31.72841
29500000 -31.73116
30000000 -31.73316
30500000 -31.73559
31000000 -31.73807
31500000 -31.74069
32000000 -31.74329
32500000 -31.74611
33000000 -31.74607
33500000 -31.74888
34000000 -31.7499
34500000 -31.7515
35000000 -31.75303
35500000 -31.75414
36000000 -31.75383
36500000 -31.75472
37000000 -31.75529
37500000 -31.75589
38000000 -31.75624
38500000 -31.75731
39000000 -31.75822
39500000 -31.75827
40000000 -31.75928
40500000 -31.75948
41000000 -31.76108
41500000 -31.76162
42000000 -31.76225
42500000 -31.7619
43000000 -31.76313
43500000 -31.76263
44000000 -31.76428
44500000 -31.76453
45000000 -31.76512
45500000 -31.76421
46000000 -31.76588
46500000 -31.76588
47000000 -31.76749
47500000 -31.7677
48000000 -31.76854
48500000 -31.76902
49000000 -31.7693
49500000 -31.77026
50000000 -31.76978
50500000 -31.77081
51000000 -31.77048
51500000 -31.77055
52000000 -31.77134
52500000 -31.77161
53000000 -31.77205
53500000 -31.77195
54000000 -31.7713
54500000 -31.77218
55000000 -31.77203
55500000 -31.77286
56000000 -31.77237
56500000 -31.77226
57000000 -31.7733
57500000 -31.77235
58000000 -31.7738
58500000 -31.7737
59000000 -31.77366
59500000 -31.77446
60000000 -31.77451
60500000 -31.77586
61000000 -31.77531
61500000 -31.77537
62000000 -31.77606
62500000 -31.77671
63000000 -31.77771
63500000 -31.77819
64000000 -31.77766
64500000 -31.7792
65000000 -31.7794
65500000 -31.78085
66000000 -31.78063
66500000 -31.7813
67000000 -31.78225
67500000 -31.78236
68000000 -31.78357
68500000 -31.78397
69000000 -31.78371
69500000 -31.78516
70000000 -31.78551
70500000 -31.78595
71000000 -31.78538
71500000 -31.78506
72000000 -31.78533
72500000 -31.78422
73000000 -31.78436
73500000 -31.78315
74000000 -31.78331
74500000 -31.78172
75000000 -31.78048
75500000 -31.7803
76000000 -31.77828
76500000 -31.7772
77000000 -31.7757
77500000 -31.77317
78000000 -31.77193
78500000 -31.76965
79000000 -31.76758
79500000 -31.76489
80000000 -31.76228
80500000 -31.76022
81000000 -31.75736
81500000 -31.75604
82000000 -31.7525
82500000 -31.74968
83000000 -31.74746
83500000 -31.7445
84000000 -31.74142
84500000 -31.73795
85000000 -31.73411
85500000 -31.73162
86000000 -31.72747
86500000 -31.72486
87000000 -31.7208
87500000 -31.717
88000000 -31.71453
88500000 -31.71077
89000000 -31.70848
89500000 -31.70448
90000000 -31.7009
90500000 -31.69838
91000000 -31.69471
91500000 -31.69237
92000000 -31.68874
92500000 -31.68514
93000000 -31.68233
93500000 -31.6793
94000000 -31.6771
94500000 -31.67365
95000000 -31.67022
95500000 -31.66947
96000000 -31.66625
96500000 -31.66347
97000000 -31.66168
97500000 -31.65824
98000000 -31.65705
98500000 -31.65422
99000000 -31.65307
99500000 -31.65078
100000000 -31.64875
100500000 -31.6475
101000000 -31.64671
101500000 -31.64696
102000000 -31.64647
102500000 -31.64624
103000000 -31.64603
103500000 -31.64681
104000000 -31.6467
104500000 -31.64746
105000000 -31.64757
105500000 -31.64885
106000000 -31.64851
106500000 -31.65068
107000000 -31.65002
107500000 -31.65301
108000000 -31.6527
108500000 -31.65551
109000000 -31.65601
109500000 -31.65845
110000000 -31.65971
110500000 -31.66238
111000000 -31.66418
111500000 -31.66684
112000000 -31.66916
112500000 -31.67184
113000000 -31.67431
113500000 -31.67738
114000000 -31.6803
114500000 -31.68336
115000000 -31.68619
115500000 -31.68958
116000000 -31.69281
116500000 -31.69594
117000000 -31.70006
117500000 -31.70325
118000000 -31.70742
118500000 -31.71119
119000000 -31.71542
119500000 -31.7185
120000000 -31.7236
120500000 -31.72732
121000000 -31.7324
121500000 -31.73556
122000000 -31.74145
122500000 -31.74536
123000000 -31.75101
123500000 -31.75544
124000000 -31.76092
124500000 -31.76583
125000000 -31.77151
125500000 -31.77666
126000000 -31.78238
126500000 -31.78735
127000000 -31.79354
127500000 -31.79848
128000000 -31.80541
128500000 -31.81111
129000000 -31.8175
129500000 -31.82315
130000000 -31.83042
130500000 -31.83577
131000000 -31.84171
131500000 -31.84896
132000000 -31.85572
132500000 -31.86307
133000000 -31.86928
133500000 -31.87732
134000000 -31.88382
134500000 -31.8914
135000000 -31.89791
135500000 -31.90647
136000000 -31.91277
136500000 -31.92048
137000000 -31.92845
137500000 -31.93713
138000000 -31.94423
138500000 -31.95208
139000000 -31.96008
139500000 -31.96824
140000000 -31.97619
140500000 -31.9843
141000000 -31.99279
141500000 -32.00145
142000000 -32.00941
142500000 -32.01826
143000000 -32.02612
143500000 -32.03544
144000000 -32.04295
144500000 -32.05254
145000000 -32.06129
145500000 -32.06945
146000000 -32.07894
146500000 -32.08708
147000000 -32.09639
147500000 -32.10504
148000000 -32.11434
148500000 -32.12282
149000000 -32.13307
149500000 -32.14138
150000000 -32.15126
150500000 -32.16066
151000000 -32.17046
151500000 -32.17866
152000000 -32.1881
152500000 -32.19744
153000000 -32.20728
153500000 -32.2172
154000000 -32.22679
154500000 -32.2359
155000000 -32.24526
155500000 -32.25461
156000000 -32.26412
156500000 -32.27384
157000000 -32.28368
157500000 -32.29227
158000000 -32.3033
158500000 -32.31267
159000000 -32.32278
159500000 -32.33138
160000000 -32.34182
160500000 -32.35149
161000000 -32.36011
161500000 -32.37003
162000000 -32.37962
162500000 -32.38993
163000000 -32.39888
163500000 -32.40895
164000000 -32.41801
164500000 -32.42812
165000000 -32.4371
165500000 -32.4474
166000000 -32.45704
166500000 -32.46635
167000000 -32.47582
167500000 -32.48544
168000000 -32.4955
168500000 -32.50514
169000000 -32.51418
169500000 -32.52409
170000000 -32.53357
170500000 -32.54313
171000000 -32.5522
171500000 -32.56247
172000000 -32.57133
172500000 -32.58129
173000000 -32.59045
173500000 -32.60058
174000000 -32.60957
174500000 -32.6198
175000000 -32.62894
175500000 -32.63733
176000000 -32.64713
176500000 -32.65611
177000000 -32.6668
177500000 -32.6746
178000000 -32.68553
178500000 -32.69444
179000000 -32.7044
179500000 -32.71331
180000000 -31.77956
180500000 -31.78616
181000000 -31.79629
181500000 -31.80564
182000000 -31.81547
182500000 -31.82385
183000000 -31.83364
183500000 -31.84232
184000000 -31.85327
184500000 -31.86139
185000000 -31.87136
185500000 -31.88056
186000000 -31.89014
186500000 -31.89895
187000000 -31.90935
187500000 -31.91801
188000000 -31.92774
188500000 -31.93585
189000000 -31.94581
189500000 -31.95439
190000000 -31.96336
190500000 -31.97065
191000000 -31.97787
191500000 -31.98509
192000000 -31.99176
192500000 -31.99841
193000000 -32.00535
193500000 -32.01213
194000000 -32.01857
194500000 -32.0247
195000000 -32.03155
195500000 -32.03747
196000000 -32.0431
196500000 -32.04937
197000000 -32.05496
197500000 -32.06136
198000000 -32.06593
198500000 -32.07238
199000000 -32.07825
199500000 -32.08386
200000000 -32.08867
200500000 -32.09284
201000000 -32.09893
201500000 -32.10391
202000000 -32.10744
202500000 -32.11253
203000000 -32.1173
203500000 -32.12149
204000000 -32.12501
204500000 -32.12952
205000000 -32.13463
205500000 -32.13774
206000000 -32.14086
206500000 -32.1454
207000000 -32.14846
207500000 -32.15274
208000000 -32.15506
208500000 -32.15877
209000000 -32.16225
209500000 -32.16552
210000000 -32.16799
210500000 -32.17143
211000000 -32.17476
211500000 -32.17725
212000000 -32.17984
212500000 -32.18235
213000000 -32.18594
213500000 -32.18732
214000000 -32.18961
214500000 -32.193
215000000 -32.19594
215500000 -32.19742
216000000 -32.19996
216500000 -32.20312
217000000 -32.20574
217500000 -32.20727
218000000 -32.21017
218500000 -32.21226
219000000 -32.215
219500000 -32.21693
220000000 -32.21961
220500000 -32.22108
221000000 -32.22416
221500000 -32.22571
222000000 -32.22874
222500000 -32.23076
223000000 -32.23397
223500000 -32.23488
224000000 -32.23814
224500000 -32.24002
225000000 -32.24305
225500000 -32.2444
226000000 -32.24724
226500000 -32.25078
227000000 -32.25319
227500000 -32.25446
228000000 -32.25728
228500000 -32.26022
229000000 -32.26305
229500000 -32.26487
230000000 -32.26794
230500000 -32.2704
231000000 -32.27349
231500000 -32.27534
232000000 -32.2786
232500000 -32.28128
233000000 -32.28445
233500000 -32.2869
234000000 -32.2901
234500000 -32.29352
235000000 -32.29564
235500000 -32.29893
236000000 -32.30251
236500000 -32.30584
237000000 -32.3089
237500000 -32.31166
238000000 -32.31541
238500000 -32.319
239000000 -32.32262
239500000 -32.32626
240000000 -32.33052
240500000 -32.33382
241000000 -32.33652
241500000 -32.3406
242000000 -32.34349
242500000 -32.34784
243000000 -32.34996
243500000 -32.35364
244000000 -32.35673
244500000 -32.36007
245000000 -32.36166
245500000 -32.3648
246000000 -32.36734
246500000 -32.37007
247000000 -32.37285
247500000 -32.37618
248000000 -32.38017
248500000 -32.38429
249000000 -32.38698
249500000 -32.39151
250000000 -32.39582
250500000 -32.40099
251000000 -32.40404
251500000 -32.40947
252000000 -32.41384
252500000 -32.4193
253000000 -32.42308
253500000 -32.42871
254000000 -32.43427
254500000 -32.43922
255000000 -32.44364
255500000 -32.44915
256000000 -32.45522
256500000 -32.46095
257000000 -32.46568
257500000 -32.47113
258000000 -32.47785
258500000 -32.48208
259000000 -32.48814
259500000 -32.49387
260000000 -32.49982
260500000 -32.50508
261000000 -32.51103
261500000 -32.51636
262000000 -32.52276
262500000 -32.52851
263000000 -32.53424
263500000 -32.5405
264000000 -32.54624
264500000 -32.55227
265000000 -32.55844
265500000 -32.56435
266000000 -32.57074
266500000 -32.57662
267000000 -32.58249
267500000 -32.58916
268000000 -32.59558
268500000 -32.60109
269000000 -32.60729
269500000 -32.61405
270000000 -32.61996
270500000 -32.62576
271000000 -32.63173
271500000 -32.63812
272000000 -32.64461
272500000 -32.64916
273000000 -32.65572
273500000 -32.66267
274000000 -32.6689
274500000 -32.67428
275000000 -32.6806
275500000 -32.6888
276000000 -32.25247
276500000 -31.66558
277000000 -31.6723
277500000 -31.67821
278000000 -31.68457
278500000 -31.69009
279000000 -31.69661
279500000 -31.70285
280000000 -31.70861
280500000 -31.71514
281000000 -31.72284
281500000 -31.72883
282000000 -31.73411
282500000 -31.74094
283000000 -31.74742
283500000 -31.75484
284000000 -31.76017
284500000 -31.76696
285000000 -31.7743
285500000 -31.78038
286000000 -31.78645
286500000 -31.79385
287000000 -31.80035
287500000 -31.80698
288000000 -31.81269
288500000 -31.81925
289000000 -31.82579
289500000 -31.83331
290000000 -31.83915
290500000 -31.84567
291000000 -31.85189
291500000 -31.85899
292000000 -31.86507
292500000 -31.87167
293000000 -31.87857
293500000 -31.8853
294000000 -31.89074
294500000 -31.89761
295000000 -31.90483
295500000 -31.91087
296000000 -31.91699
296500000 -31.92355
297000000 -31.92962
297500000 -31.93624
298000000 -31.94178
298500000 -31.94832
299000000 -31.95434
299500000 -31.96095
300000000 -31.96644
