0 -57.06145
500000 -96.53314
1000000 -96.32472
1500000 -96.57017
2000000 -96.49057
2500000 -96.5433
3000000 -96.57349
3500000 -96.56519
4000000 -96.5838
4500000 -96.56397
5000000 -96.519
5500000 -96.43599
6000000 -96.48628
6500000 -96.36749
7000000 -96.42805
7500000 -96.42225
8000000 -96.43818
8500000 -96.40118
9000000 -96.40094
9500000 -96.44415
10000000 -96.41658
10500000 -96.42221
11000000 -96.43575
11500000 -96.3964
12000000 -96.40493
12500000 -96.35928
13000000 -96.35284
13500000 -96.37164
14000000 -96.43259
14500000 -96.40516
15000000 -96.37264
15500000 -96.40639
16000000 -96.39899
16500000 -96.40491
17000000 -96.35599
17500000 -96.37695
18000000 -96.39368
18500000 -96.42256
19000000 -96.37749
19500000 -96.32784
20000000 -96.36168
20500000 -96.38625
21000000 -96.37773
21500000 -96.33501
22000000 -96.3784
22500000 -96.37808
23000000 -96.36041
23500000 -96.33446
24000000 -96.33653
24500000 -96.34935
25000000 -96.3735
25500000 -96.35322
26000000 -96.35233
26500000 -96.35168
27000000 -96.35166
27500000 -96.27988
28000000 -96.3533
28500000 -96.29897
29000000 -96.31239
29500000 -96.32936
30000000 -96.30748
30500000 -96.32014
31000000 -96.33585
31500000 -96.35095
32000000 -96.3192
32500000 -96.31117
33000000 -96.26958
33500000 -96.36049
34000000 -96.341
34500000 -96.24354
35000000 -96.27199
35500000 -96.28741
36000000 -96.26857
36500000 -96.30907
37000000 -96.35784
37500000 -96.26737
38000000 -96.2767
38500000 -96.22809
39000000 -96.28642
39500000 -96.25716
40000000 -96.26676
40500000 -96.28748
41000000 -96.26598
41500000 -96.30632
42000000 -96.27135
42500000 -96.26018
43000000 -96.27098
43500000 -96.2562
44000000 -96.24194
44500000 -96.25515
45000000 -96.19021
45500000 -96.28275
46000000 -96.24712
46500000 -96.24715
47000000 -96.20634
47500000 -96.23459
48000000 -96.20473
48500000 -96.21431
49000000 -96.15732
49500000 -96.20831
50000000 -96.21353
50500000 -96.21315
51000000 -96.17121
51500000 -96.20428
52000000 -96.16126
52500000 -96.18595
53000000 -96.1759
53500000 -96.17969
54000000 -96.15915
54500000 -96.1729
55000000 -96.13752
55500000 -96.12686
56000000 -96.17831
56500000 -96.14919
57000000 -96.12951
57500000 -96.12468
58000000 -96.10508
58500000 -96.15428
59000000 -96.12982
59500000 -96.14156
60000000 -96.08766
60500000 -96.06359
61000000 -96.07198
61500000 -96.10534
62000000 -96.04234
62500000 -96.09144
63000000 -96.0873
63500000 -96.09554
64000000 -96.12582
64500000 -96.10728
65000000 -96.09037
65500000 -96.03634
66000000 -96.0753
66500000 -96.06749
67000000 -96.09595
67500000 -96.0284
68000000 -95.97047
68500000 -96.02439
69000000 -96.03981
69500000 -96.03571
70000000 -96.03426
70500000 -96.04832
71000000 -96.03476
71500000 -96.02154
72000000 -96.02374
72500000 -96.01421
73000000 -95.99516
73500000 -95.95535
74000000 -96.00883
74500000 -95.97273
75000000 -95.98547
75500000 -95.97439
76000000 -95.97456
76500000 -95.94862
77000000 -95.9677
77500000 -95.95206
78000000 -95.92554
78500000 -95.92632
79000000 -95.94793
79500000 -95.92195
80000000 -95.91991
80500000 -95.94358
81000000 -95.89376
81500000 -95.91765
82000000 -95.89807
82500000 -95.92172
83000000 -95.92214
83500000 -95.89458
84000000 -95.90392
84500000 -95.9246
85000000 -95.8679
85500000 -95.86563
86000000 -95.8665
86500000 -95.85752
87000000 -95.8473
87500000 -95.85512
88000000 -95.85603
88500000 -95.87214
89000000 -95.88818
89500000 -95.81786
90000000 -95.85209
90500000 -95.83834
91000000 -95.8201
91500000 -95.86797
92000000 -95.83122
92500000 -95.84753
93000000 -95.83139
93500000 -95.83823
94000000 -95.86161
94500000 -95.804
95000000 -95.80554
95500000 -95.85208
96000000 -95.83855
96500000 -95.87813
97000000 -95.81764
97500000 -95.86691
98000000 -95.85909
98500000 -95.86467
99000000 -95.82622
99500000 -95.8233
100000000 -95.83082
100500000 -95.83351
101000000 -95.80862
101500000 -95.89546
102000000 -95.80088
102500000 -95.81238
103000000 -95.84676
103500000 -95.82949
104000000 -95.85619
104500000 -95.84799
105000000 -95.84423
105500000 -95.91985
106000000 -95.82327
106500000 -95.8781
107000000 -95.81464
107500000 -95.7974
108000000 -95.82582
108500000 -95.82008
109000000 -95.83971
109500000 -95.83635
110000000 -95.83538
110500000 -95.8415
111000000 -95.85859
111500000 -95.82903
112000000 -95.83856
112500000 -95.8443
113000000 -95.83452
113500000 -95.82735
114000000 -95.82381
114500000 -95.872
115000000 -95.81523
115500000 -95.81313
116000000 -95.82288
116500000 -95.76398
117000000 -95.84844
117500000 -95.85104
118000000 -95.79391
118500000 -95.7886
119000000 -95.84684
119500000 -95.8119
120000000 -95.81802
120500000 -95.80427
121000000 -95.819
121500000 -95.79708
122000000 -95.80607
122500000 -95.80419
123000000 -95.80583
123500000 -95.79916
124000000 -95.83681
124500000 -95.86642
125000000 -95.75259
125500000 -95.83135
126000000 -95.8461
126500000 -95.80092
127000000 -95.78916
127500000 -95.83708
128000000 -95.8055
128500000 -95.84128
129000000 -95.81554
129500000 -95.82189
130000000 -95.82677
130500000 -95.81988
131000000 -95.75754
131500000 -95.8218
132000000 -95.80232
132500000 -95.81316
133000000 -95.80835
133500000 -95.81851
134000000 -95.81489
134500000 -95.79767
135000000 -95.79864
135500000 -95.79966
136000000 -95.77042
136500000 -95.82053
137000000 -95.84293
137500000 -95.78981
138000000 -95.79946
138500000 -95.78799
139000000 -95.85928
139500000 -95.82202
140000000 -95.82827
140500000 -95.78711
141000000 -95.80148
141500000 -95.8735
142000000 -95.78906
142500000 -95.77516
143000000 -95.8373
143500000 -95.8379
144000000 -95.8137
144500000 -95.80729
145000000 -95.79822
145500000 -95.84452
146000000 -95.79183
146500000 -95.79347
147000000 -95.77026
147500000 -95.82423
148000000 -95.85684
148500000 -95.86729
149000000 -95.85346
149500000 -95.79343
150000000 -95.80312
150500000 -95.82
151000000 -95.85648
151500000 -95.76997
152000000 -95.81365
152500000 -95.85374
153000000 -95.82809
153500000 -95.83628
154000000 -95.86748
154500000 -95.80665
155000000 -95.81436
155500000 -95.84578
156000000 -95.7768
156500000 -95.79151
157000000 -95.77621
157500000 -95.84353
158000000 -95.78493
158500000 -95.84232
159000000 -95.83427
159500000 -95.83817
160000000 -95.8379
160500000 -95.82652
161000000 -95.77502
161500000 -95.8166
162000000 -95.8028
162500000 -95.85062
163000000 -95.79941
163500000 -95.81874
164000000 -95.84591
164500000 -95.74574
165000000 -95.75433
165500000 -95.76845
166000000 -95.79334
166500000 -95.79813
167000000 -95.79816
167500000 -95.75903
168000000 -95.73746
168500000 -95.74689
169000000 -95.74735
169500000 -95.77967
170000000 -95.76163
170500000 -95.72173
171000000 -95.73753
171500000 -95.69414
172000000 -95.72017
172500000 -95.62498
173000000 -95.6678
173500000 -95.68224
174000000 -95.70743
174500000 -95.65469
175000000 -95.68851
175500000 -95.65565
176000000 -95.65019
176500000 -95.64674
177000000 -95.6522
177500000 -95.61576
178000000 -95.64111
178500000 -95.56247
179000000 -95.62898
179500000 -95.60217
180000000 -95.55776
180500000 -95.60542
181000000 -95.60852
181500000 -95.62688
182000000 -95.60972
182500000 -95.6447
183000000 -95.60038
183500000 -95.62422
184000000 -95.54788
184500000 -95.62857
185000000 -95.59653
185500000 -95.59286
186000000 -95.60035
186500000 -95.56623
187000000 -95.60934
187500000 -95.56749
188000000 -95.59225
188500000 -95.54609
189000000 -95.63575
189500000 -95.57484
190000000 -95.54746
190500000 -95.58946
191000000 -95.59097
191500000 -95.61618
192000000 -95.56638
192500000 -95.59676
193000000 -95.59943
193500000 -95.56535
194000000 -95.56561
194500000 -95.54636
195000000 -95.58525
195500000 -95.54932
196000000 -95.54317
196500000 -95.59904
197000000 -95.57993
197500000 -95.57707
198000000 -95.55014
198500000 -95.52077
199000000 -95.61426
199500000 -95.56189
200000000 -95.55033
200500000 -95.56799
201000000 -95.55948
201500000 -95.56132
202000000 -95.56094
202500000 -95.53537
203000000 -95.56411
203500000 -95.5512
204000000 -95.52263
204500000 -95.54636
205000000 -95.58338
205500000 -95.62038
206000000 -95.54145
206500000 -95.52044
207000000 -95.53623
207500000 -95.57789
208000000 -95.51552
208500000 -95.52589
209000000 -95.51889
209500000 -95.54118
210000000 -95.52686
210500000 -95.53779
211000000 -95.53102
211500000 -95.53326
212000000 -95.52493
212500000 -95.49984
213000000 -95.51651
213500000 -95.46963
214000000 -95.49772
214500000 -95.47105
215000000 -95.51966
215500000 -95.54266
216000000 -95.48878
216500000 -95.47123
217000000 -95.52311
217500000 -95.49884
218000000 -95.47073
218500000 -95.46984
219000000 -95.53698
219500000 -95.49853
220000000 -95.45204
220500000 -95.51537
221000000 -95.5024
221500000 -95.50429
222000000 -95.47354
222500000 -95.46125
223000000 -95.48957
223500000 -95.50383
224000000 -95.46139
224500000 -95.48792
225000000 -95.49223
225500000 -95.55488
226000000 -95.49358
226500000 -95.45961
227000000 -95.41813
227500000 -95.47643
228000000 -95.42948
228500000 -95.44588
229000000 -95.48049
229500000 -95.47433
230000000 -95.4938
230500000 -95.44553
231000000 -95.41242
231500000 -95.45756
232000000 -95.42368
232500000 -95.44901
233000000 -95.44555
233500000 -95.42288
234000000 -95.45567
234500000 -95.48659
235000000 -95.47236
235500000 -95.44525
236000000 -95.44722
236500000 -95.45752
237000000 -95.41597
237500000 -95.41668
238000000 -95.4214
238500000 -95.43218
239000000 -95.47848
239500000 -95.46223
240000000 -95.4556
240500000 -95.41747
241000000 -95.48154
241500000 -95.41525
242000000 -95.42805
242500000 -95.42322
243000000 -95.42213
243500000 -95.41034
244000000 -95.44019
244500000 -95.49651
245000000 -95.42806
245500000 -95.37916
246000000 -95.40965
246500000 -95.35917
247000000 -95.39433
247500000 -95.42593
248000000 -95.40594
248500000 -95.4127
249000000 -95.38649
249500000 -95.41652
250000000 -95.39558
250500000 -95.40137
251000000 -95.34385
251500000 -95.40523
252000000 -95.38961
252500000 -95.35452
253000000 -95.31584
253500000 -95.38816
254000000 -95.42608
254500000 -95.38676
255000000 -95.42834
255500000 -95.33577
256000000 -95.4006
256500000 -95.39228
257000000 -95.33208
257500000 -95.39263
258000000 -95.36502
258500000 -95.38519
259000000 -95.34846
259500000 -95.42285
260000000 -95.342
260500000 -95.3168
261000000 -95.37889
261500000 -95.33311
262000000 -95.36858
262500000 -95.34808
263000000 -95.31494
263500000 -95.38809
264000000 -95.23619
264500000 -95.40362
265000000 -95.37299
265500000 -95.28678
266000000 -95.33842
266500000 -95.33174
267000000 -95.30677
267500000 -95.31794
268000000 -95.33157
268500000 -95.30973
269000000 -95.3755
269500000 -95.33908
270000000 -95.35429
270500000 -95.28345
271000000 -95.33399
271500000 -95.30702
272000000 -95.30211
272500000 -95.30589
273000000 -95.32702
273500000 -95.30891
274000000 -95.30039
274500000 -95.3264
275000000 -95.26163
275500000 -95.23643
276000000 -95.28127
276500000 -95.31179
277000000 -95.30016
277500000 -95.34327
278000000 -95.30483
278500000 -95.29596
279000000 -95.30576
279500000 -95.28232
280000000 -95.2815
280500000 -95.28818
281000000 -95.29479
281500000 -95.29902
282000000 -95.29173
282500000 -95.28101
283000000 -95.27884
283500000 -95.28212
284000000 -95.28446
284500000 -95.27148
285000000 -95.294
285500000 -95.24137
286000000 -95.29738
286500000 -95.26229
287000000 -95.32536
287500000 -95.24431
288000000 -95.30821
288500000 -95.22565
289000000 -95.28452
289500000 -95.2664
290000000 -95.26089
290500000 -95.22131
291000000 -95.1987
291500000 -95.21228
292000000 -95.24931
292500000 -95.21651
293000000 -95.20278
293500000 -95.24374
294000000 -95.21165
294500000 -95.24607
295000000 -95.22177
295500000 -95.24527
296000000 -95.19389
296500000 -95.23565
297000000 -95.25316
297500000 -95.22307
298000000 -95.20026
298500000 -95.20706
299000000 -95.23447
299500000 -95.21525
300000000 -95.2
