0 -24.66122
500000 -23.29301
1000000 -22.42466
1500000 -22.73438
2000000 -22.66707
2500000 -22.61813
3000000 -22.53957
3500000 -22.42999
4000000 -22.26533
4500000 -22.13614
5000000 -22.05229
5500000 -22.04189
6000000 -22.08588
6500000 -22.11773
7000000 -22.2155
7500000 -22.35836
8000000 -22.52767
8500000 -22.63503
9000000 -22.7188
9500000 -22.76379
10000000 -22.77817
10500000 -22.74699
11000000 -22.67984
11500000 -22.57941
12000000 -22.4608
12500000 -22.35544
13000000 -22.24178
13500000 -22.13588
14000000 -22.03598
14500000 -22.0349
15000000 -22.04346
15500000 -22.0623
16000000 -22.09723
16500000 -22.23594
17000000 -22.35238
17500000 -22.4579
18000000 -22.57433
18500000 -22.65044
19000000 -22.71605
19500000 -22.73605
20000000 -22.71246
20500000 -22.63891
21000000 -22.54044
21500000 -22.42881
22000000 -22.31671
22500000 -22.19762
23000000 -22.07857
23500000 -21.98299
24000000 -21.9785
24500000 -21.9809
25000000 -22.0043
25500000 -22.08197
26000000 -22.17781
26500000 -22.29609
27000000 -22.4497
27500000 -22.51493
28000000 -22.58286
28500000 -22.683
29000000 -22.68983
29500000 -22.69541
30000000 -22.59276
30500000 -22.50761
31000000 -22.38278
31500000 -22.25871
32000000 -22.11012
32500000 -21.97947
33000000 -21.92524
33500000 -21.92319
34000000 -21.90947
34500000 -21.94711
35000000 -22.02613
35500000 -22.15488
36000000 -22.3106
36500000 -22.43694
37000000 -22.54844
37500000 -22.60278
38000000 -22.68301
38500000 -22.67501
39000000 -22.56046
39500000 -22.49665
40000000 -22.34659
40500000 -22.25482
41000000 -22.07388
41500000 -21.93524
42000000 -21.86432
42500000 -21.85033
43000000 -21.87736
43500000 -21.90183
44000000 -22.01155
44500000 -22.16449
45000000 -22.31794
45500000 -22.45614
46000000 -22.55985
46500000 -22.58469
47000000 -22.58973
47500000 -22.53102
48000000 -22.43634
48500000 -22.2552
49000000 -22.11636
49500000 -21.9365
50000000 -21.8339
50500000 -21.79991
51000000 -21.84266
51500000 -21.90858
52000000 -22.07877
52500000 -22.25041
53000000 -22.38102
53500000 -22.46708
54000000 -22.50711
54500000 -22.42713
55000000 -22.32911
55500000 -22.15973
56000000 -22.00095
56500000 -21.82273
57000000 -21.77317
57500000 -21.78943
58000000 -21.82552
58500000 -21.89278
59000000 -22.03522
59500000 -22.13932
60000000 -22.22092
60500000 -22.25538
61000000 -22.20881
61500000 -22.1325
62000000 -22.04486
62500000 -21.89957
63000000 -21.72457
63500000 -21.62672
64000000 -21.59236
64500000 -21.60945
65000000 -21.65693
65500000 -21.75116
66000000 -22.03925
66500000 -22.51253
67000000 -22.99096
67500000 -23.46715
68000000 -23.9422
68500000 -24.41399
69000000 -24.88427
69500000 -25.35098
70000000 -25.81561
70500000 -26.27633
71000000 -26.73317
71500000 -27.18731
72000000 -27.63676
72500000 -28.08375
73000000 -28.52653
73500000 -28.9663
74000000 -29.40249
74500000 -29.83422
75000000 -30.26309
75500000 -30.68759
76000000 -31.1102
76500000 -31.52806
77000000 -31.94357
77500000 -32.35457
78000000 -32.76371
78500000 -33.16948
79000000 -33.57072
79500000 -33.96984
80000000 -34.36531
80500000 -34.75867
81000000 -35.14848
81500000 -35.53607
82000000 -35.92104
82500000 -36.30229
83000000 -36.68201
83500000 -37.05811
84000000 -37.43303
84500000 -37.80453
85000000 -38.17442
85500000 -38.54068
86000000 -38.90572
86500000 -39.2684
87000000 -39.62816
87500000 -39.9872
88000000 -40.34306
88500000 -40.69794
89000000 -41.04988
89500000 -41.40145
90000000 -41.75008
90500000 -42.10236
91000000 -42.45177
91500000 -42.80042
92000000 -43.14616
92500000 -43.49126
93000000 -43.83418
93500000 -44.17613
94000000 -44.51605
94500000 -44.8558
95000000 -45.19328
95500000 -45.53036
96000000 -45.86578
96500000 -46.20043
97000000 -46.53256
97500000 -46.86427
98000000 -47.19551
98500000 -47.52485
99000000 -47.85406
99500000 -48.1815
100000000 -48.50908
100500000 -48.83488
101000000 -49.16098
101500000 -49.48563
102000000 -49.81081
102500000 -50.13335
103000000 -50.45692
103500000 -50.77937
104000000 -51.10149
104500000 -51.42386
105000000 -51.74416
105500000 -52.0658
106000000 -52.38573
106500000 -52.70556
107000000 -53.02377
107500000 -53.34213
108000000 -53.65961
108500000 -53.97829
109000000 -54.2956
109500000 -54.61327
110000000 -54.93008
110500000 -55.24648
111000000 -55.56353
111500000 -55.88039
112000000 -56.19742
112500000 -56.51302
113000000 -56.8314
113500000 -57.14726
114000000 -57.46394
114500000 -57.78103
115000000 -58.09896
115500000 -58.41487
116000000 -58.73409
116500000 -59.05172
117000000 -59.37019
117500000 -59.68892
118000000 -60.00905
118500000 -60.32922
119000000 -60.65058
119500000 -60.97197
120000000 -61.29309
120500000 -61.61633
121000000 -61.94027
121500000 -62.26499
122000000 -62.58925
122500000 -62.91579
123000000 -63.24341
123500000 -63.57141
124000000 -63.90257
124500000 -64.23244
125000000 -64.56561
125500000 -64.89748
126000000 -65.23244
126500000 -65.56861
127000000 -65.90721
127500000 -66.24948
128000000 -66.59126
128500000 -66.93615
129000000 -67.28161
129500000 -67.63022
130000000 -67.98269
130500000 -68.33244
131000000 -68.69094
131500000 -69.05192
132000000 -69.4156
132500000 -69.77576
133000000 -70.14864
133500000 -70.51439
134000000 -70.88913
134500000 -71.26791
135000000 -71.64162
135500000 -72.02475
136000000 -72.40668
136500000 -72.79708
137000000 -73.19368
137500000 -73.5936
138000000 -73.99582
138500000 -74.40772
139000000 -74.82735
139500000 -75.25326
140000000 -75.6803
140500000 -76.11746
141000000 -76.5638
141500000 -77.02053
142000000 -77.48447
142500000 -77.94897
143000000 -78.43361
143500000 -78.92004
144000000 -79.42602
144500000 -79.94705
145000000 -80.47968
145500000 -81.02805
146000000 -81.58736
146500000 -82.16699
147000000 -82.75752
147500000 -83.39624
148000000 -84.04914
148500000 -84.75085
149000000 -85.45006
149500000 -86.20445
150000000 -86.97946
150500000 -87.83321
151000000 -88.75895
151500000 -89.7245
152000000 -90.75018
152500000 -91.89275
153000000 -93.16484
153500000 -94.5146
154000000 -96.11124
154500000 -97.79971
155000000 -99.68842
155500000 -101.7766
156000000 -103.298
156500000 -103.3969
157000000 -102.4141
157500000 -100.7388
158000000 -99.15506
158500000 -97.69901
159000000 -96.32583
159500000 -95.2821
160000000 -94.2979
160500000 -93.45785
161000000 -92.70248
161500000 -92.01109
162000000 -91.44669
162500000 -90.85808
163000000 -90.39431
163500000 -89.88626
164000000 -89.47453
164500000 -89.07846
165000000 -88.71272
165500000 -88.36069
166000000 -88.03976
166500000 -87.74647
167000000 -87.46887
167500000 -87.22052
168000000 -86.97668
168500000 -86.74909
169000000 -86.52587
169500000 -86.32833
170000000 -86.16385
170500000 -85.97327
171000000 -85.81674
171500000 -85.64659
172000000 -85.48265
172500000 -85.33302
173000000 -85.19805
173500000 -85.06876
174000000 -84.93803
174500000 -84.81689
175000000 -84.69183
175500000 -84.59718
176000000 -84.48278
176500000 -84.37219
177000000 -84.27305
177500000 -84.17696
178000000 -84.07265
178500000 -83.97868
179000000 -83.88065
179500000 -83.77931
180000000 -82.55453
180500000 -82.46695
181000000 -82.37814
181500000 -82.30566
182000000 -82.22321
182500000 -82.16619
183000000 -82.09631
183500000 -82.02686
184000000 -81.96823
184500000 -81.91109
185000000 -81.85016
185500000 -81.79211
186000000 -81.75522
186500000 -81.72501
187000000 -81.67059
187500000 -81.636
188000000 -81.57785
188500000 -81.54353
189000000 -81.51172
189500000 -81.46741
190000000 -81.45206
190500000 -81.41132
191000000 -81.35817
191500000 -81.33157
192000000 -81.29514
192500000 -81.26261
193000000 -81.23117
193500000 -81.20726
194000000 -81.17197
194500000 -81.14011
195000000 -81.11521
195500000 -81.09817
196000000 -81.05955
196500000 -81.0452
197000000 -81.02875
197500000 -81.01176
198000000 -81.00324
198500000 -80.99106
199000000 -80.9838
199500000 -80.97252
200000000 -80.97015
200500000 -80.94882
201000000 -80.94245
201500000 -80.91636
202000000 -80.89503
202500000 -80.85983
203000000 -80.83032
203500000 -80.79237
204000000 -80.75442
204500000 -80.70456
205000000 -80.65107
205500000 -80.60774
206000000 -80.57452
206500000 -80.53104
207000000 -80.48003
207500000 -80.44809
208000000 -80.41815
208500000 -80.39349
209000000 -80.3709
209500000 -80.35613
210000000 -80.32856
210500000 -80.31054
211000000 -80.29322
211500000 -80.26945
212000000 -80.24002
212500000 -80.2075
213000000 -80.18761
213500000 -80.15798
214000000 -80.13174
214500000 -80.11093
215000000 -80.07282
215500000 -80.04702
216000000 -80.02054
216500000 -79.99464
217000000 -79.96363
217500000 -79.93587
218000000 -79.91426
218500000 -79.90903
219000000 -79.88306
219500000 -79.86404
220000000 -79.85362
220500000 -79.84859
221000000 -79.84329
221500000 -79.83871
222000000 -79.83108
222500000 -79.83951
223000000 -79.83541
223500000 -79.83352
224000000 -79.84171
224500000 -79.8427
225000000 -79.84083
225500000 -79.84834
226000000 -79.86117
226500000 -79.87772
227000000 -79.88113
227500000 -79.89262
228000000 -79.90408
228500000 -79.90804
229000000 -79.91544
229500000 -79.91617
230000000 -79.92371
230500000 -79.92403
231000000 -79.92397
231500000 -79.91158
232000000 -79.90676
232500000 -79.91428
233000000 -79.91207
233500000 -79.91375
234000000 -79.91274
234500000 -79.92118
235000000 -79.93011
235500000 -79.94308
236000000 -79.95126
236500000 -79.97514
237000000 -79.98266
237500000 -79.99281
238000000 -80.01625
238500000 -80.02505
239000000 -80.04234
239500000 -80.06897
240000000 -80.08707
240500000 -80.10812
241000000 -80.13635
241500000 -80.15196
242000000 -80.17525
242500000 -80.20324
243000000 -80.23012
243500000 -80.25076
244000000 -80.26413
244500000 -80.30063
245000000 -80.32855
245500000 -80.35293
246000000 -80.37344
246500000 -80.39926
247000000 -80.43219
247500000 -80.46378
248000000 -80.49269
248500000 -80.52087
249000000 -80.55945
249500000 -80.58624
250000000 -80.62186
250500000 -80.65832
251000000 -80.69175
251500000 -80.72626
252000000 -80.76709
252500000 -80.81026
253000000 -80.83757
253500000 -80.89124
254000000 -80.92722
254500000 -80.97272
255000000 -81.01832
255500000 -81.06859
256000000 -81.11887
256500000 -81.17122
257000000 -81.22202
257500000 -81.25266
258000000 -81.29826
258500000 -81.34808
259000000 -81.40311
259500000 -81.44019
260000000 -81.49026
260500000 -81.54161
261000000 -81.60209
261500000 -81.63663
262000000 -81.69238
262500000 -81.76126
263000000 -81.82261
263500000 -81.8624
264000000 -81.91931
264500000 -81.98615
265000000 -82.03754
265500000 -82.09696
266000000 -82.16181
266500000 -82.22591
267000000 -82.28468
267500000 -82.34506
268000000 -82.41905
268500000 -82.48177
269000000 -82.54531
269500000 -82.61641
270000000 -82.67893
270500000 -82.74753
271000000 -82.8317
271500000 -82.88935
272000000 -82.96085
272500000 -83.01867
273000000 -83.10607
273500000 -83.17058
274000000 -83.24481
274500000 -83.32907
275000000 -83.3999
275500000 -83.47987
276000000 -83.22577
276500000 -82.80205
277000000 -82.89533
277500000 -82.97372
278000000 -83.04636
278500000 -83.13349
279000000 -83.21829
279500000 -83.30736
280000000 -83.3828
280500000 -83.479
281000000 -83.56928
281500000 -83.67464
282000000 -83.752
282500000 -83.84615
283000000 -83.92521
283500000 -84.02101
284000000 -84.11459
284500000 -84.20831
285000000 -84.27879
285500000 -84.38319
286000000 -84.44247
286500000 -84.52763
287000000 -84.60081
287500000 -84.65736
288000000 -84.70165
288500000 -84.77007
289000000 -84.84409
289500000 -84.92723
290000000 -85.01254
290500000 -85.12069
291000000 -85.22417
291500000 -85.33689
292000000 -85.43743
292500000 -85.55476
293000000 -85.65895
293500000 -85.78659
294000000 -85.89903
294500000 -85.99924
295000000 -86.10857
295500000 -86.23611
296000000 -86.34402
296500000 -86.46457
297000000 -86.56866
297500000 -86.66861
298000000 -86.80509
298500000 -86.92775
299000000 -87.05984
299500000 -87.15239
300000000 -87.27431
