5.000000000000000000e+05 -9.402402496079542260e+00
1.000000000000000000e+06 -9.336539087108043589e+00
1.500000000000000000e+06 -1.033051353719354992e+01
2.000000000000000000e+06 -9.920716216261292075e+00
2.500000000000000000e+06 -9.933009990510617726e+00
3.000000000000000000e+06 -1.037563681481702638e+01
3.500000000000000000e+06 -1.067442002895561259e+01
4.000000000000000000e+06 -1.087394791616607570e+01
4.500000000000000000e+06 -1.102661945516770992e+01
5.000000000000000000e+06 -1.067188280529537892e+01
5.500000000000000000e+06 -1.043876540500849970e+01
6.000000000000000000e+06 -1.057462537151010196e+01
6.500000000000000000e+06 -1.068986603619433318e+01
7.000000000000000000e+06 -1.079551575993828649e+01
7.500000000000000000e+06 -1.089285484845051144e+01
8.000000000000000000e+06 -1.091524572660710390e+01
8.500000000000000000e+06 -1.095329846678364127e+01
9.000000000000000000e+06 -1.093154976601389095e+01
9.500000000000000000e+06 -1.088937707687921375e+01
1.000000000000000000e+07 -1.082045618242151797e+01
1.050000000000000000e+07 -1.075281217127423616e+01
1.100000000000000000e+07 -1.070008947656904041e+01
1.150000000000000000e+07 -1.066063988651735173e+01
1.200000000000000000e+07 -1.062977472853493488e+01
1.250000000000000000e+07 -1.059810375992521081e+01
1.300000000000000000e+07 -1.064283734563879591e+01
1.350000000000000000e+07 -1.070075258320797751e+01
1.400000000000000000e+07 -1.074374599572640854e+01
1.450000000000000000e+07 -1.079871497132304015e+01
1.500000000000000000e+07 -1.088059448153650877e+01
1.550000000000000000e+07 -1.093914536074449728e+01
1.600000000000000000e+07 -1.097893027401612720e+01
1.650000000000000000e+07 -1.100897599004087901e+01
1.700000000000000000e+07 -1.101089806688790063e+01
1.750000000000000000e+07 -1.099935282149882809e+01
1.800000000000000000e+07 -1.096555098725181487e+01
1.850000000000000000e+07 -1.089490670854072718e+01
1.900000000000000000e+07 -1.079038251513782853e+01
1.950000000000000000e+07 -1.071381169221936247e+01
2.000000000000000000e+07 -1.063711770470813001e+01
2.050000000000000000e+07 -1.060729145379796456e+01
2.100000000000000000e+07 -1.058741342654544049e+01
2.150000000000000000e+07 -1.057039304673302027e+01
2.200000000000000000e+07 -1.059374935960162034e+01
2.250000000000000000e+07 -1.063401950221907022e+01
2.300000000000000000e+07 -1.068565307206519321e+01
2.350000000000000000e+07 -1.076421792576380376e+01
2.400000000000000000e+07 -1.083711158357448667e+01
2.450000000000000000e+07 -1.088639250662490454e+01
2.500000000000000000e+07 -1.095776839973877514e+01
2.550000000000000000e+07 -1.094809471369668685e+01
2.600000000000000000e+07 -1.093780467347023055e+01
2.650000000000000000e+07 -1.091408514263615182e+01
2.700000000000000000e+07 -1.085211890694591297e+01
2.750000000000000000e+07 -1.078134566670825834e+01
2.800000000000000000e+07 -1.070454015137083204e+01
2.850000000000000000e+07 -1.061460312298613040e+01
2.900000000000000000e+07 -1.057424443014350679e+01
2.950000000000000000e+07 -1.053047195724397866e+01
3.000000000000000000e+07 -1.049759175332828853e+01
3.050000000000000000e+07 -1.048327823416219395e+01
3.100000000000000000e+07 -1.053699232792056151e+01
3.150000000000000000e+07 -1.061907717997091183e+01
3.200000000000000000e+07 -1.066048407776745677e+01
3.250000000000000000e+07 -1.077029088696112780e+01
3.300000000000000000e+07 -1.084256820275657063e+01
3.350000000000000000e+07 -1.090611844254290652e+01
3.400000000000000000e+07 -1.091903479685198519e+01
3.450000000000000000e+07 -1.092519177221941007e+01
3.500000000000000000e+07 -1.088380955100790004e+01
3.550000000000000000e+07 -1.085579847828336320e+01
3.600000000000000000e+07 -1.079391772149035944e+01
3.650000000000000000e+07 -1.072700644167723993e+01
3.700000000000000000e+07 -1.062781497074650972e+01
3.750000000000000000e+07 -1.054458457641236535e+01
3.800000000000000000e+07 -1.047058283356996000e+01
3.850000000000000000e+07 -1.044203188007491789e+01
3.900000000000000000e+07 -1.043809030474052690e+01
3.950000000000000000e+07 -1.048713243024678654e+01
4.000000000000000000e+07 -1.053821455413551789e+01
4.050000000000000000e+07 -1.057763114496212076e+01
4.100000000000000000e+07 -1.067399597049719517e+01
4.150000000000000000e+07 -1.075848478204419223e+01
4.200000000000000000e+07 -1.084442870913523649e+01
4.250000000000000000e+07 -1.088749545442822431e+01
4.300000000000000000e+07 -1.087322935610778885e+01
4.350000000000000000e+07 -1.084967820528889071e+01
4.400000000000000000e+07 -1.078922056103693095e+01
4.450000000000000000e+07 -1.072864507346673690e+01
4.500000000000000000e+07 -1.063411160082544704e+01
4.550000000000000000e+07 -1.054210328157777887e+01
4.600000000000000000e+07 -1.047925137668536344e+01
4.650000000000000000e+07 -1.044028533662737956e+01
4.700000000000000000e+07 -1.041987881932658233e+01
4.750000000000000000e+07 -1.045778968231226180e+01
4.800000000000000000e+07 -1.050479681031193557e+01
4.850000000000000000e+07 -1.058228272500324429e+01
4.900000000000000000e+07 -1.067711156542477546e+01
4.950000000000000000e+07 -1.075723332162994694e+01
5.000000000000000000e+07 -1.080071285448224927e+01
5.050000000000000000e+07 -1.079922389651296299e+01
5.100000000000000000e+07 -1.076728554037876862e+01
5.150000000000000000e+07 -1.071189698614324115e+01
5.200000000000000000e+07 -1.058752165074822216e+01
5.250000000000000000e+07 -1.047608976058000074e+01
5.300000000000000000e+07 -1.040644102323615172e+01
5.350000000000000000e+07 -1.034941833382760024e+01
5.400000000000000000e+07 -1.039287499349291544e+01
5.450000000000000000e+07 -1.042367317002449845e+01
5.500000000000000000e+07 -1.050735734292657142e+01
5.550000000000000000e+07 -1.059548934716483259e+01
5.600000000000000000e+07 -1.066074235816614291e+01
5.650000000000000000e+07 -1.066126300314755149e+01
5.700000000000000000e+07 -1.064944049761945877e+01
5.750000000000000000e+07 -1.055214478455484794e+01
5.800000000000000000e+07 -1.041305950617281262e+01
5.850000000000000000e+07 -1.032256108066123446e+01
5.900000000000000000e+07 -1.022801056228497529e+01
5.950000000000000000e+07 -1.016940513241863364e+01
6.000000000000000000e+07 -1.014646802465665942e+01
6.050000000000000000e+07 -1.014024573333419177e+01
6.100000000000000000e+07 -1.013890512434779900e+01
6.150000000000000000e+07 -1.012766484716860660e+01
6.200000000000000000e+07 -1.013545930412994878e+01
6.250000000000000000e+07 -1.014558399446911174e+01
6.300000000000000000e+07 -1.019255547223311531e+01
6.350000000000000000e+07 -1.043070016009514234e+01
6.400000000000000000e+07 -1.092729487834177604e+01
6.450000000000000000e+07 -1.143650498408892346e+01
6.500000000000000000e+07 -1.194477497460073323e+01
6.550000000000000000e+07 -1.245113501519264076e+01
6.600000000000000000e+07 -1.295597508335300851e+01
6.650000000000000000e+07 -1.345705509873262606e+01
6.700000000000000000e+07 -1.395472010897381487e+01
6.750000000000000000e+07 -1.444823019362166150e+01
6.800000000000000000e+07 -1.493766523418740633e+01
6.850000000000000000e+07 -1.542277026338105195e+01
6.900000000000000000e+07 -1.590438523014360328e+01
6.950000000000000000e+07 -1.637904531059282931e+01
7.000000000000000000e+07 -1.685126037539747657e+01
7.050000000000000000e+07 -1.731773032257428824e+01
7.100000000000000000e+07 -1.777969035536592557e+01
7.150000000000000000e+07 -1.823760038914155501e+01
7.200000000000000000e+07 -1.868864033446717698e+01
7.250000000000000000e+07 -1.913725538610031407e+01
7.300000000000000000e+07 -1.957960538461099276e+01
7.350000000000000000e+07 -2.001943041367881193e+01
7.400000000000000000e+07 -2.045386032107310115e+01
7.450000000000000000e+07 -2.088407031966531946e+01
7.500000000000000000e+07 -2.131084524089008525e+01
7.550000000000000000e+07 -2.173116016044640020e+01
7.600000000000000000e+07 -2.214943991201037576e+01
7.650000000000000000e+07 -2.256179465976942566e+01
7.700000000000000000e+07 -2.297229947324827037e+01
7.750000000000000000e+07 -2.337827932733327430e+01
7.800000000000000000e+07 -2.378012394758235004e+01
7.850000000000000000e+07 -2.417936849789665388e+01
7.900000000000000000e+07 -2.457321808950934994e+01
7.950000000000000000e+07 -2.496548758758054376e+01
8.000000000000000000e+07 -2.535334704905806902e+01
8.050000000000000000e+07 -2.573791638811573534e+01
8.100000000000000000e+07 -2.611973059017019594e+01
8.150000000000000000e+07 -2.649843957052590326e+01
8.200000000000000000e+07 -2.687448363043029786e+01
8.250000000000000000e+07 -2.724627739901540480e+01
8.300000000000000000e+07 -2.761560138348326277e+01
8.350000000000000000e+07 -2.798180500419483252e+01
8.400000000000000000e+07 -2.834577841034677803e+01
8.450000000000000000e+07 -2.870703750441347779e+01
8.500000000000000000e+07 -2.906636029166745061e+01
8.550000000000000000e+07 -2.942124878688320067e+01
8.600000000000000000e+07 -2.977622692933447723e+01
8.650000000000000000e+07 -3.012756982992053167e+01
8.700000000000000000e+07 -3.047673704000450101e+01
8.750000000000000000e+07 -3.082456008499375599e+01
8.800000000000000000e+07 -3.116802744301020667e+01
8.850000000000000000e+07 -3.151103450145921414e+01
8.900000000000000000e+07 -3.184954648952996337e+01
8.950000000000000000e+07 -3.218852949060151047e+01
9.000000000000000000e+07 -3.252465025618541716e+01
9.050000000000000000e+07 -3.286271289179766342e+01
9.100000000000000000e+07 -3.319873854876280461e+01
9.150000000000000000e+07 -3.353296582428526307e+01
9.200000000000000000e+07 -3.386562216350215238e+01
9.250000000000000000e+07 -3.419753791466838067e+01
9.300000000000000000e+07 -3.452542358609979090e+01
9.350000000000000000e+07 -3.485392685663968848e+01
9.400000000000000000e+07 -3.517911712885207720e+01
9.450000000000000000e+07 -3.550415317587042097e+01
9.500000000000000000e+07 -3.582672149133377815e+01
9.550000000000000000e+07 -3.614787982755246531e+01
9.600000000000000000e+07 -3.646785744653926997e+01
9.650000000000000000e+07 -3.678623258341521307e+01
9.700000000000000000e+07 -3.710357648684811238e+01
9.750000000000000000e+07 -3.742004280627295998e+01
9.800000000000000000e+07 -3.773471507267958458e+01
9.850000000000000000e+07 -3.804911597173759219e+01
9.900000000000000000e+07 -3.836191746096461941e+01
9.950000000000000000e+07 -3.867395511057907243e+01
1.000000000000000000e+08 -3.898556040868973582e+01
1.005000000000000000e+08 -3.929523999945597978e+01
1.010000000000000000e+08 -3.960496800408064644e+01
1.015000000000000000e+08 -3.991097390528465638e+01
1.020000000000000000e+08 -4.021832951310746296e+01
1.025000000000000000e+08 -4.052298101596650781e+01
1.030000000000000000e+08 -4.082949014475693872e+01
1.035000000000000000e+08 -4.113176410228561508e+01
1.040000000000000000e+08 -4.143475844706667743e+01
1.045000000000000000e+08 -4.173611857012220128e+01
1.050000000000000000e+08 -4.203762480197347884e+01
1.055000000000000000e+08 -4.233826413390544730e+01
1.060000000000000000e+08 -4.263842570446853841e+01
1.065000000000000000e+08 -4.293781749324220698e+01
1.070000000000000000e+08 -4.323747460216887362e+01
1.075000000000000000e+08 -4.353672245947129227e+01
1.080000000000000000e+08 -4.383441644558533312e+01
1.085000000000000000e+08 -4.413276574366500427e+01
1.090000000000000000e+08 -4.443024667140666395e+01
1.095000000000000000e+08 -4.472706494761187201e+01
1.100000000000000000e+08 -4.502445187742817723e+01
1.105000000000000000e+08 -4.532049324570967030e+01
1.110000000000000000e+08 -4.561763356697354510e+01
1.115000000000000000e+08 -4.591365695405215064e+01
1.120000000000000000e+08 -4.621159159454592213e+01
1.125000000000000000e+08 -4.650690452392296947e+01
1.130000000000000000e+08 -4.680461442785532000e+01
1.135000000000000000e+08 -4.710026400756272835e+01
1.140000000000000000e+08 -4.739906756193597914e+01
1.145000000000000000e+08 -4.769499305612776396e+01
1.150000000000000000e+08 -4.799344173811494585e+01
1.155000000000000000e+08 -4.829065869509808095e+01
1.160000000000000000e+08 -4.859051340982660605e+01
1.165000000000000000e+08 -4.888947654460481829e+01
1.170000000000000000e+08 -4.918798369049864050e+01
1.175000000000000000e+08 -4.948875584474555467e+01
1.180000000000000000e+08 -4.978857445179553309e+01
1.185000000000000000e+08 -5.009173358256116870e+01
1.190000000000000000e+08 -5.039290363772809656e+01
1.195000000000000000e+08 -5.069737035303101891e+01
1.200000000000000000e+08 -5.099830172185745880e+01
1.205000000000000000e+08 -5.130438215567730253e+01
1.210000000000000000e+08 -5.160816087951101849e+01
1.215000000000000000e+08 -5.191788245137973945e+01
1.220000000000000000e+08 -5.222523102126614702e+01
1.225000000000000000e+08 -5.253461747273321691e+01
1.230000000000000000e+08 -5.284279036736879931e+01
1.235000000000000000e+08 -5.315421602617313113e+01
1.240000000000000000e+08 -5.346710248006627353e+01
1.245000000000000000e+08 -5.378076930004250755e+01
1.250000000000000000e+08 -5.409916447607179180e+01
1.255000000000000000e+08 -5.441878915449560594e+01
1.260000000000000000e+08 -5.474042269794033189e+01
1.265000000000000000e+08 -5.506327005501197647e+01
1.270000000000000000e+08 -5.538616342282174543e+01
1.275000000000000000e+08 -5.571394724762924255e+01
1.280000000000000000e+08 -5.604002425329940706e+01
1.285000000000000000e+08 -5.637101972233721625e+01
1.290000000000000000e+08 -5.670575059445040722e+01
1.295000000000000000e+08 -5.704242441098124061e+01
1.300000000000000000e+08 -5.738177873138987906e+01
1.305000000000000000e+08 -5.772661294812569110e+01
1.310000000000000000e+08 -5.807226768566888353e+01
1.315000000000000000e+08 -5.842050263954185141e+01
1.320000000000000000e+08 -5.877393103580799050e+01
1.325000000000000000e+08 -5.912885498520923022e+01
1.330000000000000000e+08 -5.948586210888716863e+01
1.335000000000000000e+08 -5.984491568601875144e+01
1.340000000000000000e+08 -6.021047836345366022e+01
1.345000000000000000e+08 -6.057997167831281615e+01
1.350000000000000000e+08 -6.095344397795044955e+01
1.355000000000000000e+08 -6.133009410990255361e+01
1.360000000000000000e+08 -6.171371076971948355e+01
1.365000000000000000e+08 -6.210136891866024911e+01
1.370000000000000000e+08 -6.249881875753349902e+01
1.375000000000000000e+08 -6.290060035310158781e+01
1.380000000000000000e+08 -6.331353565272225126e+01
1.385000000000000000e+08 -6.372902331529260067e+01
1.390000000000000000e+08 -6.415251502721905297e+01
1.395000000000000000e+08 -6.458717233740914310e+01
1.400000000000000000e+08 -6.503482015034225583e+01
1.405000000000000000e+08 -6.548043406508911346e+01
1.410000000000000000e+08 -6.594276044582713325e+01
1.415000000000000000e+08 -6.640841763093561667e+01
1.420000000000000000e+08 -6.689489868975995535e+01
1.425000000000000000e+08 -6.739857560072947251e+01
1.430000000000000000e+08 -6.790514630680769415e+01
1.435000000000000000e+08 -6.842481869399288996e+01
1.440000000000000000e+08 -6.896540799793004339e+01
1.445000000000000000e+08 -6.952925041069465806e+01
1.450000000000000000e+08 -7.010621193822075270e+01
1.455000000000000000e+08 -7.071110568323811663e+01
1.460000000000000000e+08 -7.133475593351202804e+01
1.465000000000000000e+08 -7.199544280454585987e+01
1.470000000000000000e+08 -7.268395248099400874e+01
1.475000000000000000e+08 -7.340932162886477386e+01
1.480000000000000000e+08 -7.416642848284102740e+01
1.485000000000000000e+08 -7.496979176628502728e+01
1.490000000000000000e+08 -7.586818759003445223e+01
1.495000000000000000e+08 -7.680126888149212050e+01
1.500000000000000000e+08 -7.780918348523981365e+01
1.505000000000000000e+08 -7.889717652795965819e+01
1.510000000000000000e+08 -8.005047288168823627e+01
1.515000000000000000e+08 -8.136860278615006337e+01
1.520000000000000000e+08 -8.288375953091126291e+01
1.525000000000000000e+08 -8.453957153132931523e+01
1.530000000000000000e+08 -8.639801215180602867e+01
1.535000000000000000e+08 -8.842988556893703844e+01
1.540000000000000000e+08 -9.042311047290397141e+01
1.545000000000000000e+08 -9.210614469983603669e+01
1.550000000000000000e+08 -9.182614281137284706e+01
1.555000000000000000e+08 -9.001983230700096783e+01
1.560000000000000000e+08 -8.860345311716793049e+01
1.565000000000000000e+08 -8.659666105984160822e+01
1.570000000000000000e+08 -8.520683959996000567e+01
1.575000000000000000e+08 -8.381434373955507056e+01
1.580000000000000000e+08 -8.275998700588371548e+01
1.585000000000000000e+08 -8.169305147719211391e+01
1.590000000000000000e+08 -8.090347942408612880e+01
1.595000000000000000e+08 -8.016624595168579503e+01
1.600000000000000000e+08 -7.950889682334060637e+01
1.605000000000000000e+08 -7.890815797567962875e+01
1.610000000000000000e+08 -7.835463614777758323e+01
1.615000000000000000e+08 -7.784739556261487792e+01
1.620000000000000000e+08 -7.736433784546170500e+01
1.625000000000000000e+08 -7.693759380170816087e+01
1.630000000000000000e+08 -7.654540581881079220e+01
1.635000000000000000e+08 -7.618668535908049932e+01
1.640000000000000000e+08 -7.589389843260465796e+01
1.645000000000000000e+08 -7.558092232087361140e+01
1.650000000000000000e+08 -7.529150913325641170e+01
1.655000000000000000e+08 -7.502261995301023489e+01
1.660000000000000000e+08 -7.478183006235356345e+01
1.665000000000000000e+08 -7.455798239004172956e+01
1.670000000000000000e+08 -7.433245589154313393e+01
1.675000000000000000e+08 -7.413937139502129980e+01
1.680000000000000000e+08 -7.394696406120230847e+01
1.685000000000000000e+08 -7.377795823970588174e+01
1.690000000000000000e+08 -7.361271500434219206e+01
1.695000000000000000e+08 -7.344350779711047039e+01
1.700000000000000000e+08 -7.329468623315875675e+01
1.705000000000000000e+08 -7.315367442656392427e+01
1.710000000000000000e+08 -7.302939003457362332e+01
1.715000000000000000e+08 -7.290202738668759253e+01
1.720000000000000000e+08 -7.277717233891524984e+01
1.725000000000000000e+08 -7.267905413423665095e+01
1.730000000000000000e+08 -7.257412677198915674e+01
1.735000000000000000e+08 -7.246486620903378650e+01
1.740000000000000000e+08 -7.236728855389364412e+01
1.745000000000000000e+08 -7.228730092662023310e+01
1.750000000000000000e+08 -7.220128687472396223e+01
1.755000000000000000e+08 -7.212944337684388074e+01
1.760000000000000000e+08 -7.205495219024341225e+01
1.765000000000000000e+08 -7.199953724929751786e+01
1.770000000000000000e+08 -7.192129563809713488e+01
1.775000000000000000e+08 -7.185647021536675538e+01
1.780000000000000000e+08 -7.179602996217430189e+01
1.785000000000000000e+08 -7.176498206264210467e+01
1.790000000000000000e+08 -7.171170866604705907e+01
1.795000000000000000e+08 -7.165663357252273613e+01
1.800000000000000000e+08 -7.161908129063510842e+01
1.805000000000000000e+08 -7.157695215792236354e+01
1.810000000000000000e+08 -7.153076395894244399e+01
1.815000000000000000e+08 -7.149771119130436148e+01
1.820000000000000000e+08 -7.146838454956947828e+01
1.825000000000000000e+08 -7.142902778458851287e+01
1.830000000000000000e+08 -7.140370559709052145e+01
1.835000000000000000e+08 -7.138700003385005743e+01
1.840000000000000000e+08 -7.135187966011631033e+01
1.845000000000000000e+08 -7.133284283124363867e+01
1.850000000000000000e+08 -7.131860248741537589e+01
1.855000000000000000e+08 -7.129258800845258293e+01
1.860000000000000000e+08 -7.127936385616494874e+01
1.865000000000000000e+08 -7.126403770170247753e+01
1.870000000000000000e+08 -7.125152191644436073e+01
1.875000000000000000e+08 -7.123722278096052207e+01
1.880000000000000000e+08 -7.123913442432237275e+01
1.885000000000000000e+08 -7.122803772797846023e+01
1.890000000000000000e+08 -7.122921945145942857e+01
1.895000000000000000e+08 -7.121613920236326578e+01
1.900000000000000000e+08 -7.121794212513692912e+01
1.905000000000000000e+08 -7.120111007061895236e+01
1.910000000000000000e+08 -7.120700510938567618e+01
1.915000000000000000e+08 -7.120275576303897935e+01
1.920000000000000000e+08 -7.121970863234075466e+01
1.925000000000000000e+08 -7.121620654016071228e+01
1.930000000000000000e+08 -7.122134175421264501e+01
1.935000000000000000e+08 -7.123654871574090919e+01
1.940000000000000000e+08 -7.124960920896955940e+01
1.945000000000000000e+08 -7.125222843297160580e+01
1.950000000000000000e+08 -7.125820318994355773e+01
1.955000000000000000e+08 -7.126399251712805949e+01
1.960000000000000000e+08 -7.127081297818010341e+01
1.965000000000000000e+08 -7.128967611855287601e+01
1.970000000000000000e+08 -7.129794862121214294e+01
1.975000000000000000e+08 -7.131008217623029566e+01
1.980000000000000000e+08 -7.133225582825505739e+01
1.985000000000000000e+08 -7.135046248819016057e+01
1.990000000000000000e+08 -7.135370572252742249e+01
1.995000000000000000e+08 -7.138140012482678287e+01
2.000000000000000000e+08 -7.141512528007405081e+01
2.005000000000000000e+08 -7.143407707597448564e+01
2.010000000000000000e+08 -7.145772547803360908e+01
2.015000000000000000e+08 -7.148189507399735021e+01
2.020000000000000000e+08 -7.151730796075516139e+01
2.025000000000000000e+08 -7.155815807597649325e+01
2.030000000000000000e+08 -7.157972653955259545e+01
2.035000000000000000e+08 -7.161463363275973393e+01
2.040000000000000000e+08 -7.164632679177447017e+01
2.045000000000000000e+08 -7.167268847603031645e+01
2.050000000000000000e+08 -7.169583043169974701e+01
2.055000000000000000e+08 -7.172686521711504781e+01
2.060000000000000000e+08 -7.175486568938529786e+01
2.065000000000000000e+08 -7.178657631311330078e+01
2.070000000000000000e+08 -7.181393621331848465e+01
2.075000000000000000e+08 -7.183574399475881478e+01
2.080000000000000000e+08 -7.188300356986582074e+01
2.085000000000000000e+08 -7.191083929071807290e+01
2.090000000000000000e+08 -7.193922084254985805e+01
2.095000000000000000e+08 -7.197119526820549140e+01
2.100000000000000000e+08 -7.201220038911864663e+01
2.105000000000000000e+08 -7.204397384659350223e+01
2.110000000000000000e+08 -7.207073484341029257e+01
2.115000000000000000e+08 -7.210526610508037493e+01
2.120000000000000000e+08 -7.214479045970512061e+01
2.125000000000000000e+08 -7.218321082651107190e+01
2.130000000000000000e+08 -7.222425601075838131e+01
2.135000000000000000e+08 -7.224692964951046292e+01
2.140000000000000000e+08 -7.228817138638268602e+01
2.145000000000000000e+08 -7.231243923583312494e+01
2.150000000000000000e+08 -7.233902475508597263e+01
2.155000000000000000e+08 -7.238299315395980216e+01
2.160000000000000000e+08 -7.242117929333085158e+01
2.165000000000000000e+08 -7.245220600876999129e+01
2.170000000000000000e+08 -7.248547306612127272e+01
2.175000000000000000e+08 -7.252405080639702817e+01
2.180000000000000000e+08 -7.256903157086894396e+01
2.185000000000000000e+08 -7.260344071435413582e+01
2.190000000000000000e+08 -7.263612260116295261e+01
2.195000000000000000e+08 -7.268095917010698770e+01
2.200000000000000000e+08 -7.272732324331586540e+01
2.205000000000000000e+08 -7.278183333361900509e+01
2.210000000000000000e+08 -7.281839947535243596e+01
2.215000000000000000e+08 -7.286495345296876280e+01
2.220000000000000000e+08 -7.291035006618241709e+01
2.225000000000000000e+08 -7.295465209893163205e+01
2.230000000000000000e+08 -7.299888155938516832e+01
2.235000000000000000e+08 -7.306036365614167494e+01
2.240000000000000000e+08 -7.310345306525944409e+01
2.245000000000000000e+08 -7.315131249237333577e+01
2.250000000000000000e+08 -7.319603259704346954e+01
2.255000000000000000e+08 -7.324048979143032057e+01
2.260000000000000000e+08 -7.329069733559150279e+01
2.265000000000000000e+08 -7.334765508443528859e+01
2.270000000000000000e+08 -7.340166292727309383e+01
2.275000000000000000e+08 -7.344880632837319467e+01
2.280000000000000000e+08 -7.349749091284918734e+01
2.285000000000000000e+08 -7.355178617428913412e+01
2.290000000000000000e+08 -7.360036470954541699e+01
2.295000000000000000e+08 -7.365331734965457144e+01
2.300000000000000000e+08 -7.369960540498827584e+01
2.305000000000000000e+08 -7.376263290365537273e+01
2.310000000000000000e+08 -7.383481466205232380e+01
2.315000000000000000e+08 -7.386038940419390997e+01
2.320000000000000000e+08 -7.391608060444626460e+01
2.325000000000000000e+08 -7.396886431791193672e+01
2.330000000000000000e+08 -7.402316776094890827e+01
2.335000000000000000e+08 -7.406963450917177738e+01
2.340000000000000000e+08 -7.413322751400771438e+01
2.345000000000000000e+08 -7.417248849303842917e+01
2.350000000000000000e+08 -7.422767225288453119e+01
2.355000000000000000e+08 -7.429502854126988609e+01
2.360000000000000000e+08 -7.435398033472577595e+01
2.365000000000000000e+08 -7.442088851382679593e+01
2.370000000000000000e+08 -7.447767126702163409e+01
2.375000000000000000e+08 -7.453043991011955427e+01
2.380000000000000000e+08 -7.459295164327146210e+01
2.385000000000000000e+08 -7.464828979804242692e+01
2.390000000000000000e+08 -7.469468057200371902e+01
2.395000000000000000e+08 -7.476880154886482899e+01
2.400000000000000000e+08 -7.482593268995826463e+01
2.405000000000000000e+08 -7.489577181656332527e+01
2.410000000000000000e+08 -7.493811727016596080e+01
2.415000000000000000e+08 -7.500260109104867468e+01
2.420000000000000000e+08 -7.505963954873197963e+01
2.425000000000000000e+08 -7.511196361710062774e+01
2.430000000000000000e+08 -7.515304855147849139e+01
2.435000000000000000e+08 -7.521221491380963187e+01
2.440000000000000000e+08 -7.525825950391406138e+01
2.445000000000000000e+08 -7.528422079646809095e+01
2.450000000000000000e+08 -7.534132607943081439e+01
2.455000000000000000e+08 -7.539312219131099368e+01
2.460000000000000000e+08 -7.541281889986221643e+01
2.465000000000000000e+08 -7.546044357625174825e+01
2.470000000000000000e+08 -7.548880354457980957e+01
2.475000000000000000e+08 -7.551274188280446253e+01
2.480000000000000000e+08 -7.552927339048633826e+01
2.485000000000000000e+08 -7.555360068149968811e+01
2.490000000000000000e+08 -7.555505948404967853e+01
2.495000000000000000e+08 -7.556405595208026682e+01
2.500000000000000000e+08 -7.556410511273794839e+01
2.505000000000000000e+08 -7.556836598155965135e+01
2.510000000000000000e+08 -7.554129913658360351e+01
2.515000000000000000e+08 -7.554058075366101832e+01
2.520000000000000000e+08 -7.547804210489422871e+01
2.525000000000000000e+08 -7.545355312118937263e+01
2.530000000000000000e+08 -7.540399112324347186e+01
2.535000000000000000e+08 -7.532186051127864346e+01
2.540000000000000000e+08 -7.521524119724114144e+01
2.545000000000000000e+08 -7.513257250077633387e+01
2.550000000000000000e+08 -7.503279397089671932e+01
2.555000000000000000e+08 -7.494187221243767283e+01
2.560000000000000000e+08 -7.482699280970348354e+01
2.565000000000000000e+08 -7.470087610800723610e+01
2.570000000000000000e+08 -7.462387850669141187e+01
2.575000000000000000e+08 -7.449646680281739464e+01
2.580000000000000000e+08 -7.437030510311696219e+01
2.585000000000000000e+08 -7.424957026638384150e+01
2.590000000000000000e+08 -7.413671593215296696e+01
2.595000000000000000e+08 -7.402214358357207402e+01
2.600000000000000000e+08 -7.394489981876812124e+01
2.605000000000000000e+08 -7.385654453847594425e+01
2.610000000000000000e+08 -7.375207095732488938e+01
2.615000000000000000e+08 -7.366106252299134383e+01
2.620000000000000000e+08 -7.358686825313201041e+01
2.625000000000000000e+08 -7.350991186152587886e+01
2.630000000000000000e+08 -7.344827116216043805e+01
2.635000000000000000e+08 -7.339577034696878854e+01
2.640000000000000000e+08 -7.336578538325431964e+01
2.645000000000000000e+08 -7.333581563399383185e+01
2.650000000000000000e+08 -7.331358118670853230e+01
2.655000000000000000e+08 -7.332492721818618975e+01
2.660000000000000000e+08 -7.330145339707544849e+01
2.665000000000000000e+08 -7.330456511910159634e+01
2.670000000000000000e+08 -7.330845927237831461e+01
2.675000000000000000e+08 -7.331549413882402177e+01
2.680000000000000000e+08 -7.330587511596058903e+01
2.685000000000000000e+08 -7.330877825646300039e+01
2.690000000000000000e+08 -7.330476524862052656e+01
2.695000000000000000e+08 -7.333585443215216060e+01
2.700000000000000000e+08 -7.333951111780039867e+01
2.705000000000000000e+08 -7.336845775752283316e+01
2.710000000000000000e+08 -7.337494802791768223e+01
2.715000000000000000e+08 -7.342572666107990642e+01
2.720000000000000000e+08 -7.345011739363559400e+01
2.725000000000000000e+08 -7.347705241482246663e+01
2.730000000000000000e+08 -7.351385332853571697e+01
2.735000000000000000e+08 -7.354814168166966226e+01
2.740000000000000000e+08 -7.359716226690881058e+01
2.745000000000000000e+08 -7.366082762488443336e+01
2.750000000000000000e+08 -7.370849153634577533e+01
2.755000000000000000e+08 -7.377400332508722158e+01
2.760000000000000000e+08 -7.386204296850412732e+01
2.765000000000000000e+08 -7.395278932606946398e+01
2.770000000000000000e+08 -7.403682738673381891e+01
2.775000000000000000e+08 -7.409706988610815870e+01
2.780000000000000000e+08 -7.417858570231948079e+01
2.785000000000000000e+08 -7.426157204706942139e+01
2.790000000000000000e+08 -7.432491429098752178e+01
2.795000000000000000e+08 -7.443200089863486824e+01
2.800000000000000000e+08 -7.451589695107475109e+01
2.805000000000000000e+08 -7.458424006625000402e+01
2.810000000000000000e+08 -7.466737318505548160e+01
2.815000000000000000e+08 -7.477020720787662356e+01
2.820000000000000000e+08 -7.485090902114255584e+01
2.825000000000000000e+08 -7.492752620545820719e+01
2.830000000000000000e+08 -7.499514101712888703e+01
2.835000000000000000e+08 -7.509546293666615213e+01
2.840000000000000000e+08 -7.517522712994346534e+01
2.845000000000000000e+08 -7.526367387471222514e+01
2.850000000000000000e+08 -7.533534625270050356e+01
2.855000000000000000e+08 -7.541128615811439317e+01
2.860000000000000000e+08 -7.549420189805390180e+01
2.865000000000000000e+08 -7.556134044535936312e+01
2.870000000000000000e+08 -7.561206498561502087e+01
2.875000000000000000e+08 -7.569229152569896257e+01
2.880000000000000000e+08 -7.575661162128557180e+01
2.885000000000000000e+08 -7.581463249802500570e+01
2.890000000000000000e+08 -7.588702812120622809e+01
2.895000000000000000e+08 -7.594296912854980519e+01
2.900000000000000000e+08 -7.602073906425887628e+01
2.905000000000000000e+08 -7.609250481396449572e+01
2.910000000000000000e+08 -7.616510200565961952e+01
2.915000000000000000e+08 -7.622075288150844585e+01
2.920000000000000000e+08 -7.626633404087095869e+01
2.925000000000000000e+08 -7.635648227046235093e+01
2.930000000000000000e+08 -7.639729428114958409e+01
2.935000000000000000e+08 -7.646316537417942527e+01
2.940000000000000000e+08 -7.654286197773272704e+01
2.945000000000000000e+08 -7.660923405662732932e+01
2.950000000000000000e+08 -7.667090862459484413e+01
2.955000000000000000e+08 -7.670126210867344696e+01
2.960000000000000000e+08 -7.677322749349009712e+01
2.965000000000000000e+08 -7.684938460101044200e+01
2.970000000000000000e+08 -7.686295302009133934e+01
2.975000000000000000e+08 -7.693727337331364424e+01
2.980000000000000000e+08 -7.698082679270397932e+01
2.985000000000000000e+08 -7.703200835867905027e+01
2.990000000000000000e+08 -7.706795384566089524e+01
2.995000000000000000e+08 -7.711361466919984764e+01
3.000000000000000000e+08 -7.718403323661894433e+01
