5.000000000000000000e+05 -1.890637618720963919e-01
1.000000000000000000e+06 -1.891777714371556396e-01
1.500000000000000000e+06 -1.892249785919100646e-01
2.000000000000000000e+06 -1.894248212390707564e-01
2.500000000000000000e+06 -1.918248151668008605e-01
3.000000000000000000e+06 -1.942840654909150089e-01
3.500000000000000000e+06 -1.967132176502006113e-01
4.000000000000000000e+06 -1.996577806253906073e-01
4.500000000000000000e+06 -2.029222033937575220e-01
5.000000000000000000e+06 -2.059927087087898845e-01
5.500000000000000000e+06 -2.079679665945962652e-01
6.000000000000000000e+06 -2.115876563084855277e-01
6.500000000000000000e+06 -2.153321526326318625e-01
7.000000000000000000e+06 -2.191465965788953751e-01
7.500000000000000000e+06 -2.231709924380282928e-01
8.000000000000000000e+06 -2.272255994480692487e-01
8.500000000000000000e+06 -2.314399140740617256e-01
9.000000000000000000e+06 -2.356542805067612933e-01
9.500000000000000000e+06 -2.399836663966775363e-01
1.000000000000000000e+07 -2.441978767396492112e-01
1.050000000000000000e+07 -2.486422398777289877e-01
1.100000000000000000e+07 -2.529967413957820432e-01
1.150000000000000000e+07 -2.572309344883848548e-01
1.200000000000000000e+07 -2.614401589783403868e-01
1.250000000000000000e+07 -2.656996067431330877e-01
1.300000000000000000e+07 -2.700139625362488749e-01
1.350000000000000000e+07 -2.738432877235703611e-01
1.400000000000000000e+07 -2.777576447592745024e-01
1.450000000000000000e+07 -2.817122619330346689e-01
1.500000000000000000e+07 -2.853116007581224522e-01
1.550000000000000000e+07 -2.890511179655875784e-01
1.600000000000000000e+07 -2.926655610224698778e-01
1.650000000000000000e+07 -2.961055897964460781e-01
1.700000000000000000e+07 -2.991351597559428477e-01
1.750000000000000000e+07 -3.026202408235399988e-01
1.800000000000000000e+07 -3.058948313645976635e-01
1.850000000000000000e+07 -3.088548754437078214e-01
1.900000000000000000e+07 -3.117600361882386095e-01
1.950000000000000000e+07 -3.146801541664113744e-01
2.000000000000000000e+07 -3.175254812733606657e-01
2.050000000000000000e+07 -3.203658642475976093e-01
2.100000000000000000e+07 -3.231610732717751233e-01
2.150000000000000000e+07 -3.260568274629531693e-01
2.200000000000000000e+07 -3.289219287420862559e-01
2.250000000000000000e+07 -3.318624607261397852e-01
2.300000000000000000e+07 -3.348581537867333369e-01
2.350000000000000000e+07 -3.377688910098203823e-01
2.400000000000000000e+07 -3.413194857489049161e-01
2.450000000000000000e+07 -3.447852764482065568e-01
2.500000000000000000e+07 -3.485658838545989680e-01
2.550000000000000000e+07 -3.527314631736004902e-01
2.600000000000000000e+07 -3.568821885282756901e-01
2.650000000000000000e+07 -3.616079357134821537e-01
2.700000000000000000e+07 -3.667934225851957053e-01
2.750000000000000000e+07 -3.721140408429592927e-01
2.800000000000000000e+07 -3.781645429480690601e-01
2.850000000000000000e+07 -3.846400459034637898e-01
2.900000000000000000e+07 -3.916202700474607501e-01
2.950000000000000000e+07 -3.991256275051167091e-01
3.000000000000000000e+07 -4.072508253161007952e-01
3.050000000000000000e+07 -4.158709037166604672e-01
3.100000000000000000e+07 -4.253608720575267066e-01
3.150000000000000000e+07 -4.355557652172389327e-01
3.200000000000000000e+07 -4.461306531698446820e-01
3.250000000000000000e+07 -4.574752146413490483e-01
3.300000000000000000e+07 -4.694947668047808054e-01
3.350000000000000000e+07 -4.822241250218572972e-01
3.400000000000000000e+07 -4.953686487185623988e-01
3.450000000000000000e+07 -5.093027354763954850e-01
3.500000000000000000e+07 -5.236070962215589875e-01
3.550000000000000000e+07 -5.384163379119973891e-01
3.600000000000000000e+07 -5.535003673338640962e-01
3.650000000000000000e+07 -5.690292931204427029e-01
3.700000000000000000e+07 -5.847029686184742614e-01
3.750000000000000000e+07 -6.006622739197093885e-01
3.800000000000000000e+07 -6.163963779825092359e-01
3.850000000000000000e+07 -6.323202738733767481e-01
3.900000000000000000e+07 -6.478340819855404886e-01
3.950000000000000000e+07 -6.631180634130413587e-01
4.000000000000000000e+07 -6.777472030484039678e-01
4.050000000000000000e+07 -6.919814286486005717e-01
4.100000000000000000e+07 -7.054259707986664241e-01
4.150000000000000000e+07 -7.182348847835261507e-01
4.200000000000000000e+07 -7.299694718850522346e-01
4.250000000000000000e+07 -7.408643408192662205e-01
4.300000000000000000e+07 -7.506886587782789499e-01
4.350000000000000000e+07 -7.594985130208526947e-01
4.400000000000000000e+07 -7.671785688441080664e-01
4.450000000000000000e+07 -7.738443161027472872e-01
4.500000000000000000e+07 -7.800697009734286480e-01
4.550000000000000000e+07 -7.854202915923403916e-01
4.600000000000000000e+07 -7.907058118174370431e-01
4.650000000000000000e+07 -7.960320060708687695e-01
4.700000000000000000e+07 -8.020029475611381020e-01
4.750000000000000000e+07 -8.095493112247562628e-01
4.800000000000000000e+07 -8.193853103261449222e-01
4.850000000000000000e+07 -8.326468339451968959e-01
4.900000000000000000e+07 -8.504131752138717193e-01
4.950000000000000000e+07 -8.745946653150176164e-01
5.000000000000000000e+07 -9.064709551947108812e-01
5.050000000000000000e+07 -9.485474263121793648e-01
5.100000000000000000e+07 -1.002878689695545056e+00
5.150000000000000000e+07 -1.071669860498766225e+00
5.200000000000000000e+07 -1.157965920290293216e+00
5.250000000000000000e+07 -1.264086800960662504e+00
5.300000000000000000e+07 -1.392997482905443896e+00
5.350000000000000000e+07 -1.546988101304918484e+00
5.400000000000000000e+07 -1.728403227100121731e+00
5.450000000000000000e+07 -1.939483053520353106e+00
5.500000000000000000e+07 -2.181532702000863910e+00
5.550000000000000000e+07 -2.455326976468587663e+00
5.600000000000000000e+07 -2.760940909617932704e+00
5.650000000000000000e+07 -3.098124683244938282e+00
5.700000000000000000e+07 -3.465738026888129930e+00
5.750000000000000000e+07 -3.861641129513175841e+00
5.800000000000000000e+07 -4.283703932023948724e+00
5.850000000000000000e+07 -4.729571714291661344e+00
5.900000000000000000e+07 -5.196534670252404453e+00
5.950000000000000000e+07 -5.682001803577295895e+00
6.000000000000000000e+07 -6.182545748549609144e+00
6.050000000000000000e+07 -6.694738762470954008e+00
6.100000000000000000e+07 -7.216891171261552884e+00
6.150000000000000000e+07 -7.746839880922183674e+00
6.200000000000000000e+07 -8.282629093162839240e+00
6.250000000000000000e+07 -8.822108712567354516e+00
6.300000000000000000e+07 -9.363659438897665055e+00
6.350000000000000000e+07 -9.905355935020494940e+00
6.400000000000000000e+07 -1.044632426032230121e+01
6.450000000000000000e+07 -1.098583925851498222e+01
6.500000000000000000e+07 -1.152257466308579836e+01
6.550000000000000000e+07 -1.205631341949663948e+01
6.600000000000000000e+07 -1.258680898220979216e+01
6.650000000000000000e+07 -1.311315155467103821e+01
6.700000000000000000e+07 -1.363546619187478015e+01
6.750000000000000000e+07 -1.415335151223256105e+01
6.800000000000000000e+07 -1.466667925042514753e+01
6.850000000000000000e+07 -1.517457558458965039e+01
6.900000000000000000e+07 -1.567750303192989136e+01
6.950000000000000000e+07 -1.617354724398104437e+01
7.000000000000000000e+07 -1.666448151620237539e+01
7.050000000000000000e+07 -1.714985892489401564e+01
7.100000000000000000e+07 -1.763031899460888141e+01
7.150000000000000000e+07 -1.810501961032460372e+01
7.200000000000000000e+07 -1.857511198827689824e+01
7.250000000000000000e+07 -1.903928842195182725e+01
7.300000000000000000e+07 -1.949882098828675936e+01
7.350000000000000000e+07 -1.995298866261057569e+01
7.400000000000000000e+07 -2.040326393863090004e+01
7.450000000000000000e+07 -2.084740443750973427e+01
7.500000000000000000e+07 -2.128825795405849419e+01
7.550000000000000000e+07 -2.172320384022031092e+01
7.600000000000000000e+07 -2.215509774241508723e+01
7.650000000000000000e+07 -2.258238735026457533e+01
7.700000000000000000e+07 -2.300500900076544752e+01
7.750000000000000000e+07 -2.342422178775389341e+01
7.800000000000000000e+07 -2.383969280498327237e+01
7.850000000000000000e+07 -2.425102762933058642e+01
7.900000000000000000e+07 -2.465903108387089304e+01
7.950000000000000000e+07 -2.506261423601619498e+01
8.000000000000000000e+07 -2.546254267776915015e+01
8.050000000000000000e+07 -2.585769418633459438e+01
8.100000000000000000e+07 -2.625152523554905315e+01
8.150000000000000000e+07 -2.664065153299125654e+01
8.200000000000000000e+07 -2.702835892786364624e+01
8.250000000000000000e+07 -2.741108031312545634e+01
8.300000000000000000e+07 -2.779136508728665333e+01
8.350000000000000000e+07 -2.816631744900844225e+01
8.400000000000000000e+07 -2.854008764733097792e+01
8.450000000000000000e+07 -2.891158989933696333e+01
8.500000000000000000e+07 -2.927970255961743362e+01
8.550000000000000000e+07 -2.964609920745932925e+01
8.600000000000000000e+07 -3.000877866006155870e+01
8.650000000000000000e+07 -3.036891969655396295e+01
8.700000000000000000e+07 -3.072627429190902504e+01
8.750000000000000000e+07 -3.108130650261049865e+01
8.800000000000000000e+07 -3.143206241732545436e+01
8.850000000000000000e+07 -3.178374783251251046e+01
8.900000000000000000e+07 -3.213301383552333590e+01
8.950000000000000000e+07 -3.247980001713984421e+01
9.000000000000000000e+07 -3.282474035869290674e+01
9.050000000000000000e+07 -3.316711294384251119e+01
9.100000000000000000e+07 -3.350827965881433812e+01
9.150000000000000000e+07 -3.384455241812547399e+01
9.200000000000000000e+07 -3.417606534786592221e+01
9.250000000000000000e+07 -3.450843167192092409e+01
9.300000000000000000e+07 -3.484045301369187797e+01
9.350000000000000000e+07 -3.516571732877730483e+01
9.400000000000000000e+07 -3.549166402412339494e+01
9.450000000000000000e+07 -3.581516730268384663e+01
9.500000000000000000e+07 -3.613718946652186048e+01
9.550000000000000000e+07 -3.645792802374096198e+01
9.600000000000000000e+07 -3.677768872383595067e+01
9.650000000000000000e+07 -3.709095369503692297e+01
9.700000000000000000e+07 -3.740781703251653312e+01
9.750000000000000000e+07 -3.772185129502312861e+01
9.800000000000000000e+07 -3.803599169914180322e+01
9.850000000000000000e+07 -3.834767370829810318e+01
9.900000000000000000e+07 -3.865866723066764621e+01
9.950000000000000000e+07 -3.896614294127238765e+01
1.000000000000000000e+08 -3.927684373646357585e+01
1.005000000000000000e+08 -3.958259693534383672e+01
1.010000000000000000e+08 -3.988972226375263119e+01
1.015000000000000000e+08 -4.019132109979494061e+01
1.020000000000000000e+08 -4.049644908917539254e+01
1.025000000000000000e+08 -4.079565127525966517e+01
1.030000000000000000e+08 -4.109818259991014600e+01
1.035000000000000000e+08 -4.139828703398158183e+01
1.040000000000000000e+08 -4.169874433710756989e+01
1.045000000000000000e+08 -4.199650269536535063e+01
1.050000000000000000e+08 -4.228834806018460313e+01
1.055000000000000000e+08 -4.259525928850428755e+01
1.060000000000000000e+08 -4.288223865056083639e+01
1.065000000000000000e+08 -4.318001852373025429e+01
1.070000000000000000e+08 -4.347276916434935856e+01
1.075000000000000000e+08 -4.376669984290114712e+01
1.080000000000000000e+08 -4.406138456959027394e+01
1.085000000000000000e+08 -4.434597087666752202e+01
1.090000000000000000e+08 -4.464594826068557154e+01
1.095000000000000000e+08 -4.494078969848803951e+01
1.100000000000000000e+08 -4.521793493540451436e+01
1.105000000000000000e+08 -4.551521586837565536e+01
1.110000000000000000e+08 -4.580753431037070555e+01
1.115000000000000000e+08 -4.609484859821394309e+01
1.120000000000000000e+08 -4.639314122479579794e+01
1.125000000000000000e+08 -4.667120999721954888e+01
1.130000000000000000e+08 -4.697392013696129709e+01
1.135000000000000000e+08 -4.726479843359082622e+01
1.140000000000000000e+08 -4.754492597580177460e+01
1.145000000000000000e+08 -4.783887428090739746e+01
1.150000000000000000e+08 -4.812727055983332036e+01
1.155000000000000000e+08 -4.842688958954845901e+01
1.160000000000000000e+08 -4.872015455687470364e+01
1.165000000000000000e+08 -4.899992808245009712e+01
1.170000000000000000e+08 -4.930796893496265909e+01
1.175000000000000000e+08 -4.960476667968745801e+01
1.180000000000000000e+08 -4.990284161225811488e+01
1.185000000000000000e+08 -5.017569632853168571e+01
1.190000000000000000e+08 -5.046743065081462021e+01
1.195000000000000000e+08 -5.077362613641933820e+01
1.200000000000000000e+08 -5.107778586809577348e+01
1.205000000000000000e+08 -5.137576544556373648e+01
1.210000000000000000e+08 -5.166861034006673492e+01
1.215000000000000000e+08 -5.196341717745404054e+01
1.220000000000000000e+08 -5.229172500327177175e+01
1.225000000000000000e+08 -5.256149270939037876e+01
1.230000000000000000e+08 -5.289638758092272752e+01
1.235000000000000000e+08 -5.319016013742528060e+01
1.240000000000000000e+08 -5.350946477516716016e+01
1.245000000000000000e+08 -5.380008811679669378e+01
1.250000000000000000e+08 -5.411338149068299685e+01
1.255000000000000000e+08 -5.444424590184979706e+01
1.260000000000000000e+08 -5.476436159048249408e+01
1.265000000000000000e+08 -5.504256379724758119e+01
1.270000000000000000e+08 -5.540107482598174471e+01
1.275000000000000000e+08 -5.571643227625277461e+01
1.280000000000000000e+08 -5.604212588456890387e+01
1.285000000000000000e+08 -5.637946230869067676e+01
1.290000000000000000e+08 -5.672505230064690807e+01
1.295000000000000000e+08 -5.702089907280083025e+01
1.300000000000000000e+08 -5.737167262477931473e+01
1.305000000000000000e+08 -5.766885017073057185e+01
1.310000000000000000e+08 -5.803747829753962861e+01
1.315000000000000000e+08 -5.841903903817902233e+01
1.320000000000000000e+08 -5.873880138643951909e+01
1.325000000000000000e+08 -5.912185789728353313e+01
1.330000000000000000e+08 -5.941254211264328688e+01
1.335000000000000000e+08 -5.983156495729073754e+01
1.340000000000000000e+08 -6.022014213364109025e+01
1.345000000000000000e+08 -6.054318359578016384e+01
1.350000000000000000e+08 -6.087327709205826665e+01
1.355000000000000000e+08 -6.140497985603960984e+01
1.360000000000000000e+08 -6.181767509839365005e+01
1.365000000000000000e+08 -6.220806977296344087e+01
1.370000000000000000e+08 -6.269448082616777640e+01
1.375000000000000000e+08 -6.302656400783674684e+01
1.380000000000000000e+08 -6.332795640161002382e+01
1.385000000000000000e+08 -6.397778360002136111e+01
1.390000000000000000e+08 -6.431768580811915115e+01
1.395000000000000000e+08 -6.473567656948591775e+01
1.400000000000000000e+08 -6.538076168286485768e+01
1.405000000000000000e+08 -6.585104126202796238e+01
1.410000000000000000e+08 -6.649763034763181224e+01
1.415000000000000000e+08 -6.678997007805566000e+01
1.420000000000000000e+08 -6.753806664040689611e+01
1.425000000000000000e+08 -6.749129439898965188e+01
1.430000000000000000e+08 -6.871778172345811697e+01
1.435000000000000000e+08 -6.970047804098649635e+01
1.440000000000000000e+08 -7.015104408522489621e+01
1.445000000000000000e+08 -7.107278983713469245e+01
1.450000000000000000e+08 -7.129277129681337044e+01
1.455000000000000000e+08 -7.168425777031841051e+01
1.460000000000000000e+08 -7.262219288647413862e+01
1.465000000000000000e+08 -7.391968551715876856e+01
1.470000000000000000e+08 -7.376204936760687758e+01
1.475000000000000000e+08 -7.901646699845547062e+01
1.480000000000000000e+08 -8.137887584489311621e+01
1.485000000000000000e+08 -8.875027615011406112e+01
1.490000000000000000e+08 -8.340810706893105930e+01
1.495000000000000000e+08 -7.837196896725720308e+01
1.500000000000000000e+08 -8.086174941073105060e+01
1.505000000000000000e+08 -7.758961797789000059e+01
1.510000000000000000e+08 -8.225650502368422679e+01
1.515000000000000000e+08 -7.715809734353338456e+01
1.520000000000000000e+08 -7.406435653244462003e+01
1.525000000000000000e+08 -7.659709521102386987e+01
1.530000000000000000e+08 -7.514690793262545299e+01
1.535000000000000000e+08 -7.681454232032439222e+01
1.540000000000000000e+08 -7.327270035049747321e+01
1.545000000000000000e+08 -7.637505804940860799e+01
1.550000000000000000e+08 -7.306849739322738913e+01
1.555000000000000000e+08 -7.641936390773581422e+01
1.560000000000000000e+08 -7.510996856290239521e+01
1.565000000000000000e+08 -7.512596653669891111e+01
1.570000000000000000e+08 -7.648692326555929810e+01
1.575000000000000000e+08 -7.446078360107513561e+01
1.580000000000000000e+08 -7.552886517014046319e+01
1.585000000000000000e+08 -7.566141076344078442e+01
1.590000000000000000e+08 -7.951468733262599642e+01
1.595000000000000000e+08 -7.421946482697936176e+01
1.600000000000000000e+08 -7.418439068939244407e+01
1.605000000000000000e+08 -7.713320730707485495e+01
1.610000000000000000e+08 -7.614998487714082387e+01
1.615000000000000000e+08 -7.975958627269449153e+01
1.620000000000000000e+08 -7.772536698972101021e+01
1.625000000000000000e+08 -8.518291975080893508e+01
1.630000000000000000e+08 -7.707430138974334000e+01
1.635000000000000000e+08 -8.072740893720022370e+01
1.640000000000000000e+08 -8.072271311333562949e+01
1.645000000000000000e+08 -8.185199302449444758e+01
1.650000000000000000e+08 -7.999518603878958345e+01
1.655000000000000000e+08 -8.571021707548163704e+01
1.660000000000000000e+08 -7.988970249981660743e+01
1.665000000000000000e+08 -8.177901104707295588e+01
1.670000000000000000e+08 -8.324900000867455674e+01
1.675000000000000000e+08 -7.924455543226940790e+01
1.680000000000000000e+08 -7.964544324512762330e+01
1.685000000000000000e+08 -7.847730369218615465e+01
1.690000000000000000e+08 -8.016983751058532448e+01
1.695000000000000000e+08 -7.955087856876687624e+01
1.700000000000000000e+08 -9.521686792791442144e+01
1.705000000000000000e+08 -8.985516540684712083e+01
1.710000000000000000e+08 -7.933567816895471481e+01
1.715000000000000000e+08 -7.812624619580574858e+01
1.720000000000000000e+08 -7.554648548379682893e+01
1.725000000000000000e+08 -7.462655542428903743e+01
1.730000000000000000e+08 -7.913886861186540500e+01
1.735000000000000000e+08 -7.558557761082502680e+01
1.740000000000000000e+08 -8.027991466417762467e+01
1.745000000000000000e+08 -7.473050663618553813e+01
1.750000000000000000e+08 -7.760855945054865401e+01
1.755000000000000000e+08 -7.476867077974011977e+01
1.760000000000000000e+08 -7.591430233055595522e+01
1.765000000000000000e+08 -7.324451553421484107e+01
1.770000000000000000e+08 -7.592231998512578173e+01
1.775000000000000000e+08 -7.730472784271333353e+01
1.780000000000000000e+08 -7.509211305868782915e+01
1.785000000000000000e+08 -7.474590981440977089e+01
1.790000000000000000e+08 -7.597456981219164618e+01
1.795000000000000000e+08 -7.578794412777000389e+01
1.800000000000000000e+08 -7.462901290539433319e+01
1.805000000000000000e+08 -7.309593347080797798e+01
1.810000000000000000e+08 -7.375160136088700824e+01
1.815000000000000000e+08 -7.338289295644909771e+01
1.820000000000000000e+08 -7.327961753922052424e+01
1.825000000000000000e+08 -7.305292139486115843e+01
1.830000000000000000e+08 -7.290757307394719078e+01
1.835000000000000000e+08 -7.233379206977595288e+01
1.840000000000000000e+08 -7.309499879990157467e+01
1.845000000000000000e+08 -7.378501163163943488e+01
1.850000000000000000e+08 -7.307374133397270555e+01
1.855000000000000000e+08 -7.348442417014669559e+01
1.860000000000000000e+08 -7.424043185827954972e+01
1.865000000000000000e+08 -7.292048527262875268e+01
1.870000000000000000e+08 -7.370504797658745133e+01
1.875000000000000000e+08 -7.284139426155286401e+01
1.880000000000000000e+08 -7.259493187219754873e+01
1.885000000000000000e+08 -7.369965460650946909e+01
1.890000000000000000e+08 -7.173962894095160436e+01
1.895000000000000000e+08 -7.297782351439954596e+01
1.900000000000000000e+08 -7.180967452926839201e+01
1.905000000000000000e+08 -7.232193258396874569e+01
1.910000000000000000e+08 -7.299661924721186779e+01
1.915000000000000000e+08 -7.483714647822051802e+01
1.920000000000000000e+08 -7.259903307847061171e+01
1.925000000000000000e+08 -7.382131211041877350e+01
1.930000000000000000e+08 -7.492974067662130722e+01
1.935000000000000000e+08 -7.293194889469515374e+01
1.940000000000000000e+08 -7.270808996017751724e+01
1.945000000000000000e+08 -7.277597266172608670e+01
1.950000000000000000e+08 -7.333264874064896333e+01
1.955000000000000000e+08 -7.397822934966548303e+01
1.960000000000000000e+08 -7.286185100049249286e+01
1.965000000000000000e+08 -7.462831126767015633e+01
1.970000000000000000e+08 -7.356004168910233432e+01
1.975000000000000000e+08 -7.384849387323430392e+01
1.980000000000000000e+08 -7.350997720087137566e+01
1.985000000000000000e+08 -7.556787187833930375e+01
1.990000000000000000e+08 -7.564460635046303594e+01
1.995000000000000000e+08 -7.416806076761790223e+01
2.000000000000000000e+08 -7.672369277052524694e+01
2.005000000000000000e+08 -7.374216097707106599e+01
2.010000000000000000e+08 -7.631366369952547757e+01
2.015000000000000000e+08 -7.426737104973553016e+01
2.020000000000000000e+08 -7.490102566856464250e+01
2.025000000000000000e+08 -7.539301994673887464e+01
2.030000000000000000e+08 -7.330854970042837238e+01
2.035000000000000000e+08 -7.414677090595975528e+01
2.040000000000000000e+08 -7.655053463628820509e+01
2.045000000000000000e+08 -7.317513423984136978e+01
2.050000000000000000e+08 -7.410945709367511824e+01
2.055000000000000000e+08 -7.577094602439464666e+01
2.060000000000000000e+08 -7.734303727487208846e+01
2.065000000000000000e+08 -7.562191409792438890e+01
2.070000000000000000e+08 -7.439646125578563840e+01
2.075000000000000000e+08 -7.693311107315184927e+01
2.080000000000000000e+08 -7.625434363818800421e+01
2.085000000000000000e+08 -7.388619485770063022e+01
2.090000000000000000e+08 -7.384021029390935098e+01
2.095000000000000000e+08 -8.721184541684760916e+01
2.100000000000000000e+08 -7.485426028096078710e+01
2.105000000000000000e+08 -7.598658057982507330e+01
2.110000000000000000e+08 -7.718861580469841499e+01
2.115000000000000000e+08 -7.563468605404425205e+01
2.120000000000000000e+08 -7.976585843021186406e+01
2.125000000000000000e+08 -7.353788906350114019e+01
2.130000000000000000e+08 -7.357023640669142139e+01
2.135000000000000000e+08 -7.774270981619656595e+01
2.140000000000000000e+08 -8.046344374955401690e+01
2.145000000000000000e+08 -7.954398627335892513e+01
2.150000000000000000e+08 -7.719251861021751893e+01
2.155000000000000000e+08 -7.649146248153185468e+01
2.160000000000000000e+08 -7.637981964912692945e+01
2.165000000000000000e+08 -7.372846887134221561e+01
2.170000000000000000e+08 -7.701146464476127562e+01
2.175000000000000000e+08 -7.512869768231888656e+01
2.180000000000000000e+08 -7.964591239810921763e+01
2.185000000000000000e+08 -7.396366833439327593e+01
2.190000000000000000e+08 -7.846062421734562520e+01
2.195000000000000000e+08 -7.633165273986111288e+01
2.200000000000000000e+08 -7.991815440515321711e+01
2.205000000000000000e+08 -7.873934716727316641e+01
2.210000000000000000e+08 -7.784235506654960091e+01
2.215000000000000000e+08 -7.997874024141171390e+01
2.220000000000000000e+08 -8.032443459989694645e+01
2.225000000000000000e+08 -7.747380338763608165e+01
2.230000000000000000e+08 -8.036544164474452145e+01
2.235000000000000000e+08 -8.312319264277590491e+01
2.240000000000000000e+08 -9.421322838240142516e+01
2.245000000000000000e+08 -8.327187066786693492e+01
2.250000000000000000e+08 -7.816623887321104291e+01
2.255000000000000000e+08 -9.013373928413473379e+01
2.260000000000000000e+08 -7.766894624983983419e+01
2.265000000000000000e+08 -9.689754398913510158e+01
2.270000000000000000e+08 -7.861960054779154916e+01
2.275000000000000000e+08 -8.739377321962714973e+01
2.280000000000000000e+08 -7.766813043600231481e+01
2.285000000000000000e+08 -7.677388254973926962e+01
2.290000000000000000e+08 -8.506143749271737420e+01
2.295000000000000000e+08 -7.746167791763643606e+01
2.300000000000000000e+08 -8.265916050548537442e+01
2.305000000000000000e+08 -8.279559264987683775e+01
2.310000000000000000e+08 -9.022980965824508814e+01
2.315000000000000000e+08 -8.326771078416069827e+01
2.320000000000000000e+08 -8.230354517463911179e+01
2.325000000000000000e+08 -7.488377207225876475e+01
2.330000000000000000e+08 -7.889400831910046463e+01
2.335000000000000000e+08 -7.816372563133140261e+01
2.340000000000000000e+08 -7.536875092131431586e+01
2.345000000000000000e+08 -7.828367568776187113e+01
2.350000000000000000e+08 -7.641959712036704389e+01
2.355000000000000000e+08 -7.725702443246883888e+01
2.360000000000000000e+08 -9.233109098986388119e+01
2.365000000000000000e+08 -7.668403840572199215e+01
2.370000000000000000e+08 -7.923017913190135175e+01
2.375000000000000000e+08 -7.582870312290789627e+01
2.380000000000000000e+08 -7.510958403233880176e+01
2.385000000000000000e+08 -7.455833075696713763e+01
2.390000000000000000e+08 -7.359522138102154543e+01
2.395000000000000000e+08 -7.565355827819043100e+01
2.400000000000000000e+08 -7.468438636410822085e+01
2.405000000000000000e+08 -7.716533895728683490e+01
2.410000000000000000e+08 -7.725143820502331948e+01
2.415000000000000000e+08 -7.474811746121962130e+01
2.420000000000000000e+08 -7.440892831506081961e+01
2.425000000000000000e+08 -7.799148874425199551e+01
2.430000000000000000e+08 -7.573862458036242629e+01
2.435000000000000000e+08 -7.449412541222721984e+01
2.440000000000000000e+08 -7.621557271809996337e+01
2.445000000000000000e+08 -7.550135546174081469e+01
2.450000000000000000e+08 -7.526848008272662582e+01
2.455000000000000000e+08 -7.292985236693685636e+01
2.460000000000000000e+08 -7.292060513213502304e+01
2.465000000000000000e+08 -7.536159345740028925e+01
2.470000000000000000e+08 -7.312746543719680403e+01
2.475000000000000000e+08 -7.936680815886643359e+01
2.480000000000000000e+08 -7.576200644911955351e+01
2.485000000000000000e+08 -7.323094721993233236e+01
2.490000000000000000e+08 -7.606102271337154264e+01
2.495000000000000000e+08 -7.533295822164353694e+01
2.500000000000000000e+08 -7.410061575767504394e+01
2.505000000000000000e+08 -7.321184255075418434e+01
2.510000000000000000e+08 -7.456121765046673033e+01
2.515000000000000000e+08 -7.674313533989692360e+01
2.520000000000000000e+08 -7.819828557733163166e+01
2.525000000000000000e+08 -7.485759887216823927e+01
2.530000000000000000e+08 -7.451547785194600237e+01
2.535000000000000000e+08 -7.515485714248288218e+01
2.540000000000000000e+08 -7.455135359028170683e+01
2.545000000000000000e+08 -7.864235125455316222e+01
2.550000000000000000e+08 -7.666711240674730732e+01
2.555000000000000000e+08 -8.460139744212222013e+01
2.560000000000000000e+08 -7.731987032258489023e+01
2.565000000000000000e+08 -7.779434301040831201e+01
2.570000000000000000e+08 -7.673078135948743750e+01
2.575000000000000000e+08 -9.440737097753954288e+01
2.580000000000000000e+08 -8.431387602766278633e+01
2.585000000000000000e+08 -8.455551225899964152e+01
2.590000000000000000e+08 -1.087815810845917497e+02
2.595000000000000000e+08 -7.989895823559558607e+01
2.600000000000000000e+08 -8.464607467757446102e+01
2.605000000000000000e+08 -7.864970462761738190e+01
2.610000000000000000e+08 -8.298017270304768545e+01
2.615000000000000000e+08 -9.352158974008717962e+01
2.620000000000000000e+08 -7.812475825569974575e+01
2.625000000000000000e+08 -8.241808375399486408e+01
2.630000000000000000e+08 -7.696139950463785340e+01
2.635000000000000000e+08 -7.815002729243700230e+01
2.640000000000000000e+08 -8.685068003931206704e+01
2.645000000000000000e+08 -8.635965140658822747e+01
2.650000000000000000e+08 -8.141178814319002299e+01
2.655000000000000000e+08 -8.018675253489405463e+01
2.660000000000000000e+08 -8.385692799824022359e+01
2.665000000000000000e+08 -8.558579913638197922e+01
2.670000000000000000e+08 -8.528656525051202664e+01
2.675000000000000000e+08 -7.651952109847096040e+01
2.680000000000000000e+08 -7.704799126397442421e+01
2.685000000000000000e+08 -7.930250338830424539e+01
2.690000000000000000e+08 -8.612194571369406049e+01
2.695000000000000000e+08 -8.478130034151654115e+01
2.700000000000000000e+08 -8.751159128668733445e+01
2.705000000000000000e+08 -8.133178836486672481e+01
2.710000000000000000e+08 -8.082481875714920250e+01
2.715000000000000000e+08 -7.619461615491343309e+01
2.720000000000000000e+08 -8.030636678194457545e+01
2.725000000000000000e+08 -9.101686130194558189e+01
2.730000000000000000e+08 -7.611806762128146886e+01
2.735000000000000000e+08 -8.074230305633105331e+01
2.740000000000000000e+08 -7.838028514322814999e+01
2.745000000000000000e+08 -7.600182319807734643e+01
2.750000000000000000e+08 -7.774081487292812653e+01
2.755000000000000000e+08 -7.753924467378377017e+01
2.760000000000000000e+08 -7.643211871339951813e+01
2.765000000000000000e+08 -8.407334608220239147e+01
2.770000000000000000e+08 -8.075416688523084474e+01
2.775000000000000000e+08 -7.837450953668403031e+01
2.780000000000000000e+08 -8.297280059274183373e+01
2.785000000000000000e+08 -7.797776285260488294e+01
2.790000000000000000e+08 -7.581054814179991297e+01
2.795000000000000000e+08 -8.094075297759312093e+01
2.800000000000000000e+08 -8.082444587688354432e+01
2.805000000000000000e+08 -8.080850273738874989e+01
2.810000000000000000e+08 -8.329862298948567911e+01
2.815000000000000000e+08 -8.072868779757175162e+01
2.820000000000000000e+08 -7.822275638906596384e+01
2.825000000000000000e+08 -8.492274972388449328e+01
2.830000000000000000e+08 -8.453753890707871221e+01
2.835000000000000000e+08 -7.735856142156517024e+01
2.840000000000000000e+08 -8.593027169310529700e+01
2.845000000000000000e+08 -7.712575384943913548e+01
2.850000000000000000e+08 -7.762178281401540403e+01
2.855000000000000000e+08 -7.830976785174419774e+01
2.860000000000000000e+08 -7.733706270472495703e+01
2.865000000000000000e+08 -7.586833359367643936e+01
2.870000000000000000e+08 -7.876153081006359002e+01
2.875000000000000000e+08 -7.747964667953304740e+01
2.880000000000000000e+08 -7.453660917777799000e+01
2.885000000000000000e+08 -7.868521884157046031e+01
2.890000000000000000e+08 -7.532298199232195657e+01
2.895000000000000000e+08 -7.496211481461556048e+01
2.900000000000000000e+08 -7.944818317010225428e+01
2.905000000000000000e+08 -7.663625525315880793e+01
2.910000000000000000e+08 -7.742867004669986386e+01
2.915000000000000000e+08 -7.753051980133383836e+01
2.920000000000000000e+08 -7.652472872886102095e+01
2.925000000000000000e+08 -8.247754562707264370e+01
2.930000000000000000e+08 -7.466344437618590746e+01
2.935000000000000000e+08 -7.874656406860142965e+01
2.940000000000000000e+08 -8.032068312042369485e+01
2.945000000000000000e+08 -8.260418413692005402e+01
2.950000000000000000e+08 -7.580760491850470828e+01
2.955000000000000000e+08 -7.766963997437063938e+01
2.960000000000000000e+08 -7.888791570647961748e+01
2.965000000000000000e+08 -7.558650389260604641e+01
2.970000000000000000e+08 -7.427750660745783762e+01
2.975000000000000000e+08 -7.500758903370331154e+01
2.980000000000000000e+08 -7.774038464261720094e+01
2.985000000000000000e+08 -7.488165442687409268e+01
2.990000000000000000e+08 -7.864199232866381806e+01
2.995000000000000000e+08 -7.558383317182361338e+01
3.000000000000000000e+08 -7.616291681593426688e+01
