5.000000000000000000e+05 -2.048257822507762727e-01
1.000000000000000000e+06 -2.048015715917365642e-01
1.500000000000000000e+06 -2.027344542573213393e-01
2.000000000000000000e+06 -2.018219983456967515e-01
2.500000000000000000e+06 -2.039131901997023599e-01
3.000000000000000000e+06 -2.057944964527776144e-01
3.500000000000000000e+06 -2.073154916379073565e-01
4.000000000000000000e+06 -2.098162563672218983e-01
4.500000000000000000e+06 -2.124669204683237722e-01
5.000000000000000000e+06 -2.152876711502852980e-01
5.500000000000000000e+06 -2.172239688375580680e-01
6.000000000000000000e+06 -2.205445101606320346e-01
6.500000000000000000e+06 -2.238549738555714319e-01
7.000000000000000000e+06 -2.272652130977601270e-01
7.500000000000000000e+06 -2.309352505280214130e-01
8.000000000000000000e+06 -2.346304503394816277e-01
8.500000000000000000e+06 -2.384803153565355494e-01
9.000000000000000000e+06 -2.423252020804517459e-01
9.500000000000000000e+06 -2.464449382608514816e-01
1.000000000000000000e+07 -2.503645944625741415e-01
1.050000000000000000e+07 -2.544642434024693145e-01
1.100000000000000000e+07 -2.585039153456782923e-01
1.150000000000000000e+07 -2.624633912218572451e-01
1.200000000000000000e+07 -2.664078027671749060e-01
1.250000000000000000e+07 -2.703323200144403526e-01
1.300000000000000000e+07 -2.744367690103379775e-01
1.350000000000000000e+07 -2.779211073763163675e-01
1.400000000000000000e+07 -2.816255171127937107e-01
1.450000000000000000e+07 -2.852349994711493308e-01
1.500000000000000000e+07 -2.885793072540884241e-01
1.550000000000000000e+07 -2.920987507702672570e-01
1.600000000000000000e+07 -2.954781168081346276e-01
1.650000000000000000e+07 -2.986279224348403205e-01
1.700000000000000000e+07 -3.014223472113426450e-01
1.750000000000000000e+07 -3.045471091336246494e-01
1.800000000000000000e+07 -3.076515922671391179e-01
1.850000000000000000e+07 -3.102763271931159861e-01
1.900000000000000000e+07 -3.130113062207644514e-01
1.950000000000000000e+07 -3.156761759956710489e-01
2.000000000000000000e+07 -3.183112833733200420e-01
2.050000000000000000e+07 -3.208463522170362792e-01
2.100000000000000000e+07 -3.234563721507141554e-01
2.150000000000000000e+07 -3.260368076605021925e-01
2.200000000000000000e+07 -3.287917998015948973e-01
2.250000000000000000e+07 -3.314820899479236638e-01
2.300000000000000000e+07 -3.342025335345160664e-01
2.350000000000000000e+07 -3.368830794503259174e-01
2.400000000000000000e+07 -3.401384328780570621e-01
2.450000000000000000e+07 -3.433990980678879867e-01
2.500000000000000000e+07 -3.470096091709469199e-01
2.550000000000000000e+07 -3.510201283683971329e-01
2.600000000000000000e+07 -3.549958223746055852e-01
2.650000000000000000e+07 -3.594064400406424831e-01
2.700000000000000000e+07 -3.644269345428671203e-01
2.750000000000000000e+07 -3.694575048297507602e-01
2.800000000000000000e+07 -3.753280464086588553e-01
2.850000000000000000e+07 -3.816186672756879950e-01
2.900000000000000000e+07 -3.884589912208963880e-01
2.950000000000000000e+07 -3.957394680700854206e-01
3.000000000000000000e+07 -4.036598395186416499e-01
3.050000000000000000e+07 -4.121051277757596942e-01
3.100000000000000000e+07 -4.213253052611671823e-01
3.150000000000000000e+07 -4.314354805684914029e-01
3.200000000000000000e+07 -4.419255901871340653e-01
3.250000000000000000e+07 -4.531005193219007077e-01
3.300000000000000000e+07 -4.650203875741059090e-01
3.350000000000000000e+07 -4.776101424480064805e-01
3.400000000000000000e+07 -4.906249925357008546e-01
3.450000000000000000e+07 -5.044794824654895704e-01
3.500000000000000000e+07 -5.186491776136178400e-01
3.550000000000000000e+07 -5.335036918366107273e-01
3.600000000000000000e+07 -5.484231102529097956e-01
3.650000000000000000e+07 -5.638424658998670846e-01
3.700000000000000000e+07 -5.793016586408173962e-01
3.750000000000000000e+07 -5.952661936680958554e-01
3.800000000000000000e+07 -6.108156699215756547e-01
3.850000000000000000e+07 -6.267298923502633290e-01
3.900000000000000000e+07 -6.421391086915790858e-01
3.950000000000000000e+07 -6.573733824577977503e-01
4.000000000000000000e+07 -6.719178392055609184e-01
4.050000000000000000e+07 -6.861522428218224112e-01
4.100000000000000000e+07 -6.994320322812742630e-01
4.150000000000000000e+07 -7.122711977604085920e-01
4.200000000000000000e+07 -7.239159811940294453e-01
4.250000000000000000e+07 -7.348358441150154574e-01
4.300000000000000000e+07 -7.446803171128104637e-01
4.350000000000000000e+07 -7.534252468036850559e-01
4.400000000000000000e+07 -7.610603489473856120e-01
4.450000000000000000e+07 -7.679057703271454649e-01
4.500000000000000000e+07 -7.740461294618029564e-01
4.550000000000000000e+07 -7.793366368100707042e-01
4.600000000000000000e+07 -7.846369875327880994e-01
4.650000000000000000e+07 -7.900128430884535424e-01
4.700000000000000000e+07 -7.959835487450761526e-01
4.750000000000000000e+07 -8.035944951687663540e-01
4.800000000000000000e+07 -8.134851744927701356e-01
4.850000000000000000e+07 -8.268611867671965543e-01
4.900000000000000000e+07 -8.446071049396776109e-01
4.950000000000000000e+07 -8.688031212118458857e-01
5.000000000000000000e+07 -9.007938782142235201e-01
5.050000000000000000e+07 -9.428997777348989695e-01
5.100000000000000000e+07 -9.973354707494451743e-01
5.150000000000000000e+07 -1.066261022052382490e+00
5.200000000000000000e+07 -1.152546494311446956e+00
5.250000000000000000e+07 -1.258776721426834833e+00
5.300000000000000000e+07 -1.387716765545458975e+00
5.350000000000000000e+07 -1.541826705184285107e+00
5.400000000000000000e+07 -1.723341179363577780e+00
5.450000000000000000e+07 -1.934635459684939995e+00
5.500000000000000000e+07 -2.176789528617669500e+00
5.550000000000000000e+07 -2.450678187521822871e+00
5.600000000000000000e+07 -2.756461571546223066e+00
5.650000000000000000e+07 -3.093689776767949429e+00
5.700000000000000000e+07 -3.461477677396264774e+00
5.750000000000000000e+07 -3.857470291385789452e+00
5.800000000000000000e+07 -4.279707737425855640e+00
5.850000000000000000e+07 -4.725795323045860030e+00
5.900000000000000000e+07 -5.192948153913778953e+00
5.950000000000000000e+07 -5.678555031173440959e+00
6.000000000000000000e+07 -6.179208818910563394e+00
6.050000000000000000e+07 -6.691561788052867499e+00
6.100000000000000000e+07 -7.213808945629194724e+00
6.150000000000000000e+07 -7.744002923095784752e+00
6.200000000000000000e+07 -8.280007367385593398e+00
6.250000000000000000e+07 -8.819581971464312886e+00
6.300000000000000000e+07 -9.361378150188455649e+00
6.350000000000000000e+07 -9.903280034244584584e+00
6.400000000000000000e+07 -1.044448393648037765e+01
6.450000000000000000e+07 -1.098421949113583551e+01
6.500000000000000000e+07 -1.152111030702679884e+01
6.550000000000000000e+07 -1.205502456558724056e+01
6.600000000000000000e+07 -1.258569064264102622e+01
6.650000000000000000e+07 -1.311228899122808755e+01
6.700000000000000000e+07 -1.363482429671697105e+01
6.750000000000000000e+07 -1.415297542013341925e+01
6.800000000000000000e+07 -1.466640849146536851e+01
6.850000000000000000e+07 -1.517450539253615105e+01
6.900000000000000000e+07 -1.567770354358475871e+01
6.950000000000000000e+07 -1.617395823033287527e+01
7.000000000000000000e+07 -1.666509286712740234e+01
7.050000000000000000e+07 -1.715071064880402218e+01
7.100000000000000000e+07 -1.763138586458618562e+01
7.150000000000000000e+07 -1.810633652562705365e+01
7.200000000000000000e+07 -1.857665877341818117e+01
7.250000000000000000e+07 -1.904106977054028960e+01
7.300000000000000000e+07 -1.950085682246686858e+01
7.350000000000000000e+07 -1.995514864522910869e+01
7.400000000000000000e+07 -2.040576277713860520e+01
7.450000000000000000e+07 -2.085019661667514512e+01
7.500000000000000000e+07 -2.129117327039385188e+01
7.550000000000000000e+07 -2.172639168823732447e+01
7.600000000000000000e+07 -2.215851294575343644e+01
7.650000000000000000e+07 -2.258605912370914126e+01
7.700000000000000000e+07 -2.300885731282330937e+01
7.750000000000000000e+07 -2.342831072869972786e+01
7.800000000000000000e+07 -2.384404190892684738e+01
7.850000000000000000e+07 -2.425560090094631249e+01
7.900000000000000000e+07 -2.466382324657192626e+01
7.950000000000000000e+07 -2.506767360578090020e+01
8.000000000000000000e+07 -2.546774546817137264e+01
8.050000000000000000e+07 -2.586314330950670737e+01
8.100000000000000000e+07 -2.625719490268785350e+01
8.150000000000000000e+07 -2.664655552297038099e+01
8.200000000000000000e+07 -2.703450679349144181e+01
8.250000000000000000e+07 -2.741736777313807494e+01
8.300000000000000000e+07 -2.779784421686372298e+01
8.350000000000000000e+07 -2.817294419031989960e+01
8.400000000000000000e+07 -2.854697226818885980e+01
8.450000000000000000e+07 -2.891873780396020166e+01
8.500000000000000000e+07 -2.928699310341097828e+01
8.550000000000000000e+07 -2.965348585168012718e+01
8.600000000000000000e+07 -3.001652993636540856e+01
8.650000000000000000e+07 -3.037677922842372880e+01
8.700000000000000000e+07 -3.073427323337736183e+01
8.750000000000000000e+07 -3.108949620644779088e+01
8.800000000000000000e+07 -3.144038615607013298e+01
8.850000000000000000e+07 -3.179223973050541474e+01
8.900000000000000000e+07 -3.214169929407270843e+01
8.950000000000000000e+07 -3.248859853327337532e+01
9.000000000000000000e+07 -3.283384789551563898e+01
9.050000000000000000e+07 -3.317630040092625165e+01
9.100000000000000000e+07 -3.351757429663528143e+01
9.150000000000000000e+07 -3.385387133709919283e+01
9.200000000000000000e+07 -3.418548614237985817e+01
9.250000000000000000e+07 -3.451805027803676040e+01
9.300000000000000000e+07 -3.485021103426411315e+01
9.350000000000000000e+07 -3.517553126579669964e+01
9.400000000000000000e+07 -3.550165248465495438e+01
9.450000000000000000e+07 -3.582527422841020837e+01
9.500000000000000000e+07 -3.614739372315420241e+01
9.550000000000000000e+07 -3.646824524421098346e+01
9.600000000000000000e+07 -3.678809601947309460e+01
9.650000000000000000e+07 -3.710138559877831455e+01
9.700000000000000000e+07 -3.741834100449727174e+01
9.750000000000000000e+07 -3.773249545731785304e+01
9.800000000000000000e+07 -3.804661890374469380e+01
9.850000000000000000e+07 -3.835838730603425972e+01
9.900000000000000000e+07 -3.866930005240027413e+01
9.950000000000000000e+07 -3.897687370848739619e+01
1.000000000000000000e+08 -3.928767895315455405e+01
1.005000000000000000e+08 -3.959345007647709735e+01
1.010000000000000000e+08 -3.990061766948004163e+01
1.015000000000000000e+08 -4.020220446908694356e+01
1.020000000000000000e+08 -4.050739916956245423e+01
1.025000000000000000e+08 -4.080654680644371979e+01
1.030000000000000000e+08 -4.110908157716222888e+01
1.035000000000000000e+08 -4.140922573982503962e+01
1.040000000000000000e+08 -4.170971875198389966e+01
1.045000000000000000e+08 -4.200748192060713393e+01
1.050000000000000000e+08 -4.229929515571284071e+01
1.055000000000000000e+08 -4.260621474176004853e+01
1.060000000000000000e+08 -4.289312579351061316e+01
1.065000000000000000e+08 -4.319090016157319667e+01
1.070000000000000000e+08 -4.348366772089615040e+01
1.075000000000000000e+08 -4.377755600185330564e+01
1.080000000000000000e+08 -4.407217949982872085e+01
1.085000000000000000e+08 -4.435682477901194432e+01
1.090000000000000000e+08 -4.465678015502361831e+01
1.095000000000000000e+08 -4.495149060360918725e+01
1.100000000000000000e+08 -4.522870083386534645e+01
1.105000000000000000e+08 -4.552592112759863596e+01
1.110000000000000000e+08 -4.581819697055369289e+01
1.115000000000000000e+08 -4.610550876008930032e+01
1.120000000000000000e+08 -4.640371873658155266e+01
1.125000000000000000e+08 -4.668177210262592070e+01
1.130000000000000000e+08 -4.698441899091034202e+01
1.135000000000000000e+08 -4.727516537573475830e+01
1.140000000000000000e+08 -4.755537454345066806e+01
1.145000000000000000e+08 -4.784922335934961524e+01
1.150000000000000000e+08 -4.813762837186844479e+01
1.155000000000000000e+08 -4.843714051997559977e+01
1.160000000000000000e+08 -4.873037062085634830e+01
1.165000000000000000e+08 -4.901016477544494165e+01
1.170000000000000000e+08 -4.931807785192199844e+01
1.175000000000000000e+08 -4.961489158428594237e+01
1.180000000000000000e+08 -4.991298543133693499e+01
1.185000000000000000e+08 -5.018578472155972037e+01
1.190000000000000000e+08 -5.047732243856836476e+01
1.195000000000000000e+08 -5.078359338343521046e+01
1.200000000000000000e+08 -5.108774170426707428e+01
1.205000000000000000e+08 -5.138567442946683173e+01
1.210000000000000000e+08 -5.167839605959041904e+01
1.215000000000000000e+08 -5.197322178594835407e+01
1.220000000000000000e+08 -5.230150462493565300e+01
1.225000000000000000e+08 -5.257107239857874248e+01
1.230000000000000000e+08 -5.290596424793244523e+01
1.235000000000000000e+08 -5.319966136281525593e+01
1.240000000000000000e+08 -5.351904151672585641e+01
1.245000000000000000e+08 -5.380957962073185996e+01
1.250000000000000000e+08 -5.412295461677092590e+01
1.255000000000000000e+08 -5.445362203896727493e+01
1.260000000000000000e+08 -5.477369584437637684e+01
1.265000000000000000e+08 -5.505185336209034119e+01
1.270000000000000000e+08 -5.541027455653881617e+01
1.275000000000000000e+08 -5.572554829241242658e+01
1.280000000000000000e+08 -5.605122224938366315e+01
1.285000000000000000e+08 -5.638855324831175864e+01
1.290000000000000000e+08 -5.673394502476224233e+01
1.295000000000000000e+08 -5.702965745619559357e+01
1.300000000000000000e+08 -5.738044886744177830e+01
1.305000000000000000e+08 -5.767746000827837349e+01
1.310000000000000000e+08 -5.804602333284479698e+01
1.315000000000000000e+08 -5.842745742292922984e+01
1.320000000000000000e+08 -5.874712190237521270e+01
1.325000000000000000e+08 -5.913019848586279181e+01
1.330000000000000000e+08 -5.942064819107041984e+01
1.335000000000000000e+08 -5.983966969433130600e+01
1.340000000000000000e+08 -6.022804387924243485e+01
1.345000000000000000e+08 -6.055065484917959395e+01
1.350000000000000000e+08 -6.088086205345047119e+01
1.355000000000000000e+08 -6.141227940359337367e+01
1.360000000000000000e+08 -6.182491864792817182e+01
1.365000000000000000e+08 -6.221512299506813548e+01
1.370000000000000000e+08 -6.270119391780944795e+01
1.375000000000000000e+08 -6.303279401422641826e+01
1.380000000000000000e+08 -6.333397589250410675e+01
1.385000000000000000e+08 -6.398360799923342057e+01
1.390000000000000000e+08 -6.432316981874697603e+01
1.395000000000000000e+08 -6.474092239353788614e+01
1.400000000000000000e+08 -6.538548997595857770e+01
1.405000000000000000e+08 -6.585534554759132675e+01
1.410000000000000000e+08 -6.650161540611239275e+01
1.415000000000000000e+08 -6.679310091941607652e+01
1.420000000000000000e+08 -6.754082696675722275e+01
1.425000000000000000e+08 -6.749336526138138481e+01
1.430000000000000000e+08 -6.871916503232654350e+01
1.435000000000000000e+08 -6.970124972171666400e+01
1.440000000000000000e+08 -7.015104408522489621e+01
1.445000000000000000e+08 -7.107053745094488306e+01
1.450000000000000000e+08 -7.128925183306583335e+01
1.455000000000000000e+08 -7.167973563164109407e+01
1.460000000000000000e+08 -7.261603373346214596e+01
1.465000000000000000e+08 -7.391022177852553909e+01
1.470000000000000000e+08 -7.375248749660214287e+01
1.475000000000000000e+08 -7.898403948077172743e+01
1.480000000000000000e+08 -8.132404513973825999e+01
1.485000000000000000e+08 -8.906320758430993578e+01
1.490000000000000000e+08 -8.331621133841198912e+01
1.495000000000000000e+08 -7.839721281901782390e+01
1.500000000000000000e+08 -8.090742333967476441e+01
1.505000000000000000e+08 -7.760709255637151216e+01
1.510000000000000000e+08 -8.230952886700406168e+01
1.515000000000000000e+08 -7.717138693644663761e+01
1.520000000000000000e+08 -7.406784915784713519e+01
1.525000000000000000e+08 -7.660471670632324503e+01
1.530000000000000000e+08 -7.514962219010020306e+01
1.535000000000000000e+08 -7.681778304641372301e+01
1.540000000000000000e+08 -7.327066218297699152e+01
1.545000000000000000e+08 -7.637383109674016168e+01
1.550000000000000000e+08 -7.306475821687024563e+01
1.555000000000000000e+08 -7.641321571830366111e+01
1.560000000000000000e+08 -7.510252277112695651e+01
1.565000000000000000e+08 -7.511798025950528768e+01
1.570000000000000000e+08 -7.647342310791034947e+01
1.575000000000000000e+08 -7.445018107382885830e+01
1.580000000000000000e+08 -7.551438413591796461e+01
1.585000000000000000e+08 -7.564401465408435854e+01
1.590000000000000000e+08 -7.947783489108378774e+01
1.595000000000000000e+08 -7.420364214683446846e+01
1.600000000000000000e+08 -7.416735490839462841e+01
1.605000000000000000e+08 -7.710277861756220830e+01
1.610000000000000000e+08 -7.612282494215178019e+01
1.615000000000000000e+08 -7.970295914234033319e+01
1.620000000000000000e+08 -7.768544062784397397e+01
1.625000000000000000e+08 -8.498128645989797292e+01
1.630000000000000000e+08 -7.703645011501392048e+01
1.635000000000000000e+08 -8.064688533319366570e+01
1.640000000000000000e+08 -8.063510178418262342e+01
1.645000000000000000e+08 -8.174276074223867283e+01
1.650000000000000000e+08 -7.992278928984829633e+01
1.655000000000000000e+08 -8.596424944379292299e+01
1.660000000000000000e+08 -7.995502128657366825e+01
1.665000000000000000e+08 -8.187731060994438792e+01
1.670000000000000000e+08 -8.309886441350927555e+01
1.675000000000000000e+08 -7.918259458089961811e+01
1.680000000000000000e+08 -7.970389587398049969e+01
1.685000000000000000e+08 -7.842497331986098175e+01
1.690000000000000000e+08 -8.022938201552314297e+01
1.695000000000000000e+08 -7.960492865937536067e+01
1.700000000000000000e+08 -9.356923667800703015e+01
1.705000000000000000e+08 -8.930191221173144811e+01
1.710000000000000000e+08 -7.937773935799455671e+01
1.715000000000000000e+08 -7.815531026564680417e+01
1.720000000000000000e+08 -7.555790521627650946e+01
1.725000000000000000e+08 -7.463216330963732048e+01
1.730000000000000000e+08 -7.917020201955439518e+01
1.735000000000000000e+08 -7.559436305811497903e+01
1.740000000000000000e+08 -8.031344760580886089e+01
1.745000000000000000e+08 -7.473144791134556897e+01
1.750000000000000000e+08 -7.761733177502422620e+01
1.755000000000000000e+08 -7.476806438219739448e+01
1.760000000000000000e+08 -7.591422937276283278e+01
1.765000000000000000e+08 -7.323975486627232101e+01
1.770000000000000000e+08 -7.591555454206341835e+01
1.775000000000000000e+08 -7.729776562193139000e+01
1.780000000000000000e+08 -7.508205982806377676e+01
1.785000000000000000e+08 -7.473469420973310662e+01
1.790000000000000000e+08 -7.596072771945637214e+01
1.795000000000000000e+08 -7.577153789573470988e+01
1.800000000000000000e+08 -7.461724210816728942e+01
1.805000000000000000e+08 -7.308508525638816877e+01
1.810000000000000000e+08 -7.373902392774940040e+01
1.815000000000000000e+08 -7.337038135891380364e+01
1.820000000000000000e+08 -7.326499348873120709e+01
1.825000000000000000e+08 -7.303893688389163685e+01
1.830000000000000000e+08 -7.289300178998740876e+01
1.835000000000000000e+08 -7.231991478372786730e+01
1.840000000000000000e+08 -7.307878988804952769e+01
1.845000000000000000e+08 -7.376639079316754533e+01
1.850000000000000000e+08 -7.305704045773423161e+01
1.855000000000000000e+08 -7.346543614548876633e+01
1.860000000000000000e+08 -7.421883471570362190e+01
1.865000000000000000e+08 -7.290255845158121417e+01
1.870000000000000000e+08 -7.368463836410582246e+01
1.875000000000000000e+08 -7.282427419383147082e+01
1.880000000000000000e+08 -7.257789607882105543e+01
1.885000000000000000e+08 -7.367878292186021838e+01
1.890000000000000000e+08 -7.172472260521553267e+01
1.895000000000000000e+08 -7.295988132679299554e+01
1.900000000000000000e+08 -7.179556235252474039e+01
1.905000000000000000e+08 -7.230653427493376739e+01
1.910000000000000000e+08 -7.297916962736084656e+01
1.915000000000000000e+08 -7.481347414700036325e+01
1.920000000000000000e+08 -7.258328743375690806e+01
1.925000000000000000e+08 -7.380283891267569629e+01
1.930000000000000000e+08 -7.490753393699871765e+01
1.935000000000000000e+08 -7.291708723465484354e+01
1.940000000000000000e+08 -7.269461611171672644e+01
1.945000000000000000e+08 -7.276402889130989138e+01
1.950000000000000000e+08 -7.331980153565106662e+01
1.955000000000000000e+08 -7.396408720610958198e+01
1.960000000000000000e+08 -7.285154472611307597e+01
1.965000000000000000e+08 -7.461525095069313807e+01
1.970000000000000000e+08 -7.355120484331253294e+01
1.975000000000000000e+08 -7.383967382534954993e+01
1.980000000000000000e+08 -7.350358528840305894e+01
1.985000000000000000e+08 -7.556027034934851372e+01
1.990000000000000000e+08 -7.563782251846807014e+01
1.995000000000000000e+08 -7.416458450886275955e+01
2.000000000000000000e+08 -7.672265454997122447e+01
2.005000000000000000e+08 -7.374343900888089820e+01
2.010000000000000000e+08 -7.631720063571950163e+01
2.015000000000000000e+08 -7.427238793361601665e+01
2.020000000000000000e+08 -7.490963664309096259e+01
2.025000000000000000e+08 -7.540371192732379768e+01
2.030000000000000000e+08 -7.331688187912342869e+01
2.035000000000000000e+08 -7.415945073844824265e+01
2.040000000000000000e+08 -7.657569487599499780e+01
2.045000000000000000e+08 -7.319010949331193672e+01
2.050000000000000000e+08 -7.412913911036079639e+01
2.055000000000000000e+08 -7.580087924548760725e+01
2.060000000000000000e+08 -7.738828735973409323e+01
2.065000000000000000e+08 -7.565722322629287078e+01
2.070000000000000000e+08 -7.442570503856789799e+01
2.075000000000000000e+08 -7.698543304098421913e+01
2.080000000000000000e+08 -7.630543133510296627e+01
2.085000000000000000e+08 -7.391956452614100215e+01
2.090000000000000000e+08 -7.387434511580109131e+01
2.095000000000000000e+08 -8.795468081198953314e+01
2.100000000000000000e+08 -7.490050478002741841e+01
2.105000000000000000e+08 -7.604917312722585621e+01
2.110000000000000000e+08 -7.727377414388928401e+01
2.115000000000000000e+08 -7.569913507143881759e+01
2.120000000000000000e+08 -7.993236093419687904e+01
2.125000000000000000e+08 -7.358435836277264741e+01
2.130000000000000000e+08 -7.361818761440962078e+01
2.135000000000000000e+08 -7.786037581951093500e+01
2.140000000000000000e+08 -8.068921267313481849e+01
2.145000000000000000e+08 -7.972845902824619202e+01
2.150000000000000000e+08 -7.730794134082532310e+01
2.155000000000000000e+08 -7.659304742290898105e+01
2.160000000000000000e+08 -7.648239025250619250e+01
2.165000000000000000e+08 -7.378755027942655431e+01
2.170000000000000000e+08 -7.713131341074532088e+01
2.175000000000000000e+08 -7.521204546247339806e+01
2.180000000000000000e+08 -7.987501094112617750e+01
2.185000000000000000e+08 -7.403256294649409597e+01
2.190000000000000000e+08 -7.864464915641045195e+01
2.195000000000000000e+08 -7.644503157326516884e+01
2.200000000000000000e+08 -8.017986627666641652e+01
2.205000000000000000e+08 -7.893598480910461035e+01
2.210000000000000000e+08 -7.800635197141289723e+01
2.215000000000000000e+08 -8.024874311548400385e+01
2.220000000000000000e+08 -8.007358564588143679e+01
2.225000000000000000e+08 -7.762713111929303977e+01
2.230000000000000000e+08 -8.066763896842317649e+01
2.235000000000000000e+08 -8.370187130787344643e+01
2.240000000000000000e+08 -9.684539006384908078e+01
2.245000000000000000e+08 -8.386372993465957393e+01
2.250000000000000000e+08 -7.800933848089012201e+01
2.255000000000000000e+08 -8.808562446107943344e+01
2.260000000000000000e+08 -7.753146380717085151e+01
2.265000000000000000e+08 -9.396968016842026827e+01
2.270000000000000000e+08 -7.844753753654717343e+01
2.275000000000000000e+08 -8.619773342223018631e+01
2.280000000000000000e+08 -7.783581352775064488e+01
2.285000000000000000e+08 -7.667138672931531573e+01
2.290000000000000000e+08 -8.595261641753957349e+01
2.295000000000000000e+08 -7.733733767738824838e+01
2.300000000000000000e+08 -8.223696972885471723e+01
2.305000000000000000e+08 -8.327777835279746910e+01
2.310000000000000000e+08 -8.829656265719408736e+01
2.315000000000000000e+08 -8.281322190903871672e+01
2.320000000000000000e+08 -8.272831812087430592e+01
2.325000000000000000e+08 -7.483226413212071293e+01
2.330000000000000000e+08 -7.873774291794504165e+01
2.335000000000000000e+08 -7.804012009960803198e+01
2.340000000000000000e+08 -7.531168321363544749e+01
2.345000000000000000e+08 -7.815349903548671762e+01
2.350000000000000000e+08 -7.634939035018331310e+01
2.355000000000000000e+08 -7.717293244915857997e+01
2.360000000000000000e+08 -9.830611219842265314e+01
2.365000000000000000e+08 -7.661586095826352505e+01
2.370000000000000000e+08 -7.909877191783525063e+01
2.375000000000000000e+08 -7.578054506166769499e+01
2.380000000000000000e+08 -7.507467228744334875e+01
2.385000000000000000e+08 -7.452992649167248373e+01
2.390000000000000000e+08 -7.357773464247233619e+01
2.395000000000000000e+08 -7.561916552178676909e+01
2.400000000000000000e+08 -7.466014908740962142e+01
2.405000000000000000e+08 -7.711242841882017274e+01
2.410000000000000000e+08 -7.719611808698239486e+01
2.415000000000000000e+08 -7.473075586580031882e+01
2.420000000000000000e+08 -7.439219262921560016e+01
2.425000000000000000e+08 -7.793686871912876768e+01
2.430000000000000000e+08 -7.571481139401142002e+01
2.435000000000000000e+08 -7.448360890794982936e+01
2.440000000000000000e+08 -7.619466811719847499e+01
2.445000000000000000e+08 -7.549029466343216654e+01
2.450000000000000000e+08 -7.525642381609782205e+01
2.455000000000000000e+08 -7.293245735835481014e+01
2.460000000000000000e+08 -7.292481239940606486e+01
2.465000000000000000e+08 -7.535944716405336408e+01
2.470000000000000000e+08 -7.313408120782541744e+01
2.475000000000000000e+08 -7.932456338760671599e+01
2.480000000000000000e+08 -7.576078315111988104e+01
2.485000000000000000e+08 -7.324113763484103856e+01
2.490000000000000000e+08 -7.606571049688658093e+01
2.495000000000000000e+08 -7.534235281914502025e+01
2.500000000000000000e+08 -7.411139528292704881e+01
2.505000000000000000e+08 -7.322392989921989681e+01
2.510000000000000000e+08 -7.457463717520882085e+01
2.515000000000000000e+08 -7.675638379864417971e+01
2.520000000000000000e+08 -7.820683779105873157e+01
2.525000000000000000e+08 -7.487580621932838199e+01
2.530000000000000000e+08 -7.453284115362163220e+01
2.535000000000000000e+08 -7.517537327426094862e+01
2.540000000000000000e+08 -7.457495479169418218e+01
2.545000000000000000e+08 -7.866535350404843996e+01
2.550000000000000000e+08 -7.669371570637083835e+01
2.555000000000000000e+08 -8.469677157383365795e+01
2.560000000000000000e+08 -7.734918112666451862e+01
2.565000000000000000e+08 -7.783580139716553958e+01
2.570000000000000000e+08 -7.677217474460248070e+01
2.575000000000000000e+08 -9.333729889909062649e+01
2.580000000000000000e+08 -8.452116574846704111e+01
2.585000000000000000e+08 -8.481348791194309911e+01
2.590000000000000000e+08 -9.758425857396012759e+01
2.595000000000000000e+08 -8.001120213450421659e+01
2.600000000000000000e+08 -8.502730551502688172e+01
2.605000000000000000e+08 -7.877603974908298312e+01
2.610000000000000000e+08 -8.272334317870304687e+01
2.615000000000000000e+08 -1.043202242746916966e+02
2.620000000000000000e+08 -7.803550681746146722e+01
2.625000000000000000e+08 -8.280080357045648043e+01
2.630000000000000000e+08 -7.687567340612817191e+01
2.635000000000000000e+08 -7.833552644968622758e+01
2.640000000000000000e+08 -8.573787123417680789e+01
2.645000000000000000e+08 -8.529031450613962306e+01
2.650000000000000000e+08 -8.104029052454760063e+01
2.655000000000000000e+08 -7.989662589762198763e+01
2.660000000000000000e+08 -8.315626242628503917e+01
2.665000000000000000e+08 -8.447661369704555057e+01
2.670000000000000000e+08 -8.424686826635314674e+01
2.675000000000000000e+08 -7.671558527024312468e+01
2.680000000000000000e+08 -7.727005124905451794e+01
2.685000000000000000e+08 -7.969249114849434079e+01
2.690000000000000000e+08 -8.836253176452666480e+01
2.695000000000000000e+08 -8.635885981187777816e+01
2.700000000000000000e+08 -8.552649603959392266e+01
2.705000000000000000e+08 -8.203328000061677017e+01
2.710000000000000000e+08 -8.145657949226638550e+01
2.715000000000000000e+08 -7.641746451399990292e+01
2.720000000000000000e+08 -7.983182167778417693e+01
2.725000000000000000e+08 -9.438093075422816014e+01
2.730000000000000000e+08 -7.635171223081559333e+01
2.735000000000000000e+08 -8.143282577740836814e+01
2.740000000000000000e+08 -7.877532472297869504e+01
2.745000000000000000e+08 -7.624198903745673306e+01
2.750000000000000000e+08 -7.809375927059862477e+01
2.755000000000000000e+08 -7.787799932602229092e+01
2.760000000000000000e+08 -7.668980211951955539e+01
2.765000000000000000e+08 -8.552346400955087802e+01
2.770000000000000000e+08 -8.138196782242096106e+01
2.775000000000000000e+08 -7.874832106361557749e+01
2.780000000000000000e+08 -8.409323599978770858e+01
2.785000000000000000e+08 -7.831603676293410388e+01
2.790000000000000000e+08 -7.602272550405533025e+01
2.795000000000000000e+08 -8.159861287895934367e+01
2.800000000000000000e+08 -8.148062976944311231e+01
2.805000000000000000e+08 -8.144538901773343298e+01
2.810000000000000000e+08 -8.240106090695672947e+01
2.815000000000000000e+08 -8.136181939525096141e+01
2.820000000000000000e+08 -7.856725540662870344e+01
2.825000000000000000e+08 -8.369070590349623728e+01
2.830000000000000000e+08 -8.613276154087367331e+01
2.835000000000000000e+08 -7.764050139976549758e+01
2.840000000000000000e+08 -8.825114027758598922e+01
2.845000000000000000e+08 -7.739896788018759821e+01
2.850000000000000000e+08 -7.791059275121070016e+01
2.855000000000000000e+08 -7.864758417393196055e+01
2.860000000000000000e+08 -7.761020513001267318e+01
2.865000000000000000e+08 -7.606440405802318594e+01
2.870000000000000000e+08 -7.911921774518326345e+01
2.875000000000000000e+08 -7.774960018528201999e+01
2.880000000000000000e+08 -7.468459484007266269e+01
2.885000000000000000e+08 -7.903253411971019204e+01
2.890000000000000000e+08 -7.548986335097113454e+01
2.895000000000000000e+08 -7.512077460035894205e+01
2.900000000000000000e+08 -7.984697760336472072e+01
2.905000000000000000e+08 -7.685122204262316359e+01
2.910000000000000000e+08 -7.768197362640187009e+01
2.915000000000000000e+08 -7.779459775840172142e+01
2.920000000000000000e+08 -7.673251707678468847e+01
2.925000000000000000e+08 -8.323825351801914962e+01
2.930000000000000000e+08 -7.480599298819927867e+01
2.935000000000000000e+08 -7.907167329221111629e+01
2.940000000000000000e+08 -8.075837356479806317e+01
2.945000000000000000e+08 -8.334598051954833409e+01
2.950000000000000000e+08 -7.597463864140138412e+01
2.955000000000000000e+08 -7.791290457299643890e+01
2.960000000000000000e+08 -7.918943605869746705e+01
2.965000000000000000e+08 -7.574217155229374043e+01
2.970000000000000000e+08 -7.439627290197071829e+01
2.975000000000000000e+08 -7.514119535600733002e+01
2.980000000000000000e+08 -7.796562304829633661e+01
2.985000000000000000e+08 -7.500802313473789695e+01
2.990000000000000000e+08 -7.890099165954187299e+01
2.995000000000000000e+08 -7.572358130054223579e+01
3.000000000000000000e+08 -7.631476760642621571e+01
