0 -25.29015
500000 -23.54726
1000000 -22.48089
1500000 -22.64352
2000000 -22.3072
2500000 -22.22076
3000000 -22.15922
3500000 -22.13126
4000000 -22.12641
4500000 -22.16524
5000000 -22.30171
5500000 -22.42792
6000000 -22.51239
6500000 -22.62294
7000000 -22.68906
7500000 -22.72146
8000000 -22.66756
8500000 -22.62604
9000000 -22.51192
9500000 -22.40928
10000000 -22.28119
10500000 -22.19312
11000000 -22.09944
11500000 -22.0771
12000000 -22.07704
12500000 -22.08249
13000000 -22.17012
13500000 -22.25171
14000000 -22.35631
14500000 -22.44209
15000000 -22.55093
15500000 -22.62287
16000000 -22.64011
16500000 -22.65131
17000000 -22.62461
17500000 -22.57047
18000000 -22.49119
18500000 -22.3639
19000000 -22.23348
19500000 -22.12301
20000000 -22.05731
20500000 -22.04319
21000000 -22.04578
21500000 -22.07153
22000000 -22.13292
22500000 -22.22222
23000000 -22.31507
23500000 -22.42534
24000000 -22.5289
24500000 -22.58548
25000000 -22.65513
25500000 -22.63896
26000000 -22.58676
26500000 -22.50562
27000000 -22.3728
27500000 -22.25183
28000000 -22.15287
28500000 -22.03581
29000000 -21.99729
29500000 -21.9735
30000000 -21.96267
30500000 -21.99843
31000000 -22.0992
31500000 -22.21763
32000000 -22.33784
32500000 -22.47254
33000000 -22.56653
33500000 -22.58659
34000000 -22.58927
34500000 -22.56968
35000000 -22.48948
35500000 -22.40264
36000000 -22.3066
36500000 -22.20303
37000000 -22.05873
37500000 -21.95089
38000000 -21.88214
38500000 -21.90956
39000000 -21.91811
39500000 -22.00723
40000000 -22.12513
40500000 -22.24407
41000000 -22.36146
41500000 -22.48013
42000000 -22.54128
42500000 -22.57907
43000000 -22.52672
43500000 -22.45995
44000000 -22.3336
44500000 -22.23861
45000000 -22.078
45500000 -21.98
46000000 -21.94178
46500000 -21.91653
47000000 -21.91312
47500000 -21.98065
48000000 -22.06482
48500000 -22.21307
49000000 -22.35073
49500000 -22.44485
50000000 -22.49631
50500000 -22.44311
51000000 -22.35219
51500000 -22.22415
52000000 -22.05862
52500000 -21.90394
53000000 -21.83664
53500000 -21.81501
54000000 -21.90966
54500000 -22.02132
55000000 -22.20261
55500000 -22.32334
56000000 -22.38528
56500000 -22.35271
57000000 -22.28231
57500000 -22.10399
58000000 -21.90754
58500000 -21.80367
59000000 -21.74173
59500000 -21.70142
60000000 -21.68101
60500000 -21.70708
61000000 -21.73506
61500000 -21.76514
62000000 -21.79919
62500000 -21.82197
63000000 -21.84284
63500000 -22.03803
64000000 -22.53483
64500000 -23.04753
65000000 -23.55805
65500000 -24.06792
66000000 -24.57524
66500000 -25.07868
67000000 -25.57952
67500000 -26.07559
68000000 -26.56863
68500000 -27.0562
69000000 -27.54002
69500000 -28.01827
70000000 -28.49315
70500000 -28.96238
71000000 -29.42627
71500000 -29.88608
72000000 -30.33959
72500000 -30.78986
73000000 -31.23473
73500000 -31.67592
74000000 -32.11244
74500000 -32.54359
75000000 -32.97145
75500000 -33.39363
76000000 -33.8123
76500000 -34.22598
77000000 -34.63683
77500000 -35.04297
78000000 -35.4458
78500000 -35.84474
79000000 -36.23925
79500000 -36.63104
80000000 -37.0183
80500000 -37.40309
81000000 -37.78396
81500000 -38.16251
82000000 -38.53732
82500000 -38.90795
83000000 -39.27699
83500000 -39.64179
84000000 -40.00499
84500000 -40.36459
85000000 -40.72199
85500000 -41.07604
86000000 -41.42858
86500000 -41.77872
87000000 -42.12557
87500000 -42.47119
88000000 -42.81326
88500000 -43.15382
89000000 -43.49092
89500000 -43.82755
90000000 -44.16094
90500000 -44.4976
91000000 -44.83093
91500000 -45.164
92000000 -45.49387
92500000 -45.82303
93000000 -46.14929
93500000 -46.47552
94000000 -46.79889
94500000 -47.12125
95000000 -47.44153
95500000 -47.76088
96000000 -48.07847
96500000 -48.39545
97000000 -48.71039
97500000 -49.02435
98000000 -49.33763
98500000 -49.65002
99000000 -49.96199
99500000 -50.27148
100000000 -50.58119
100500000 -50.88963
101000000 -51.19836
101500000 -51.5046
102000000 -51.81094
102500000 -52.11628
103000000 -52.42261
103500000 -52.72527
104000000 -53.02834
104500000 -53.33067
105000000 -53.63228
105500000 -53.93372
106000000 -54.2343
106500000 -54.53511
107000000 -54.83494
107500000 -55.13627
108000000 -55.43496
108500000 -55.73571
109000000 -56.03452
109500000 -56.33369
110000000 -56.63298
110500000 -56.93233
111000000 -57.23106
111500000 -57.53083
112000000 -57.83146
112500000 -58.13112
113000000 -58.43176
113500000 -58.73161
114000000 -59.03436
114500000 -59.33513
115000000 -59.63825
115500000 -59.93967
116000000 -60.24516
116500000 -60.54882
117000000 -60.85454
117500000 -61.16069
118000000 -61.46809
118500000 -61.77773
119000000 -62.08676
119500000 -62.39809
120000000 -62.70834
120500000 -63.02246
121000000 -63.33652
121500000 -63.65453
122000000 -63.97382
122500000 -64.29157
123000000 -64.61179
123500000 -64.93434
124000000 -65.26064
124500000 -65.58703
125000000 -65.91877
125500000 -66.25156
126000000 -66.59012
126500000 -66.92804
127000000 -67.26778
127500000 -67.61112
128000000 -67.95477
128500000 -68.30501
129000000 -68.65958
129500000 -69.02021
130000000 -69.379
130500000 -69.74825
131000000 -70.11701
131500000 -70.48962
132000000 -70.86973
132500000 -71.25276
133000000 -71.63313
133500000 -72.02478
134000000 -72.41934
134500000 -72.82423
135000000 -73.2308
135500000 -73.64815
136000000 -74.06756
136500000 -74.49755
137000000 -74.94165
137500000 -75.38967
138000000 -75.85016
138500000 -76.32166
139000000 -76.80176
139500000 -77.29064
140000000 -77.80121
140500000 -78.31329
141000000 -78.84767
141500000 -79.39112
142000000 -79.9566
142500000 -80.54529
143000000 -81.15526
143500000 -81.78202
144000000 -82.44247
144500000 -83.13806
145000000 -83.85001
145500000 -84.62064
146000000 -85.43797
146500000 -86.30399
147000000 -87.23325
147500000 -88.24879
148000000 -89.33701
148500000 -90.54601
149000000 -91.93793
149500000 -93.49105
150000000 -95.27457
150500000 -97.50774
151000000 -100.217
151500000 -104.0295
152000000 -110.0432
152500000 -114.6571
153000000 -107.4806
153500000 -103.0481
154000000 -100.1075
154500000 -97.99559
155000000 -96.33684
155500000 -94.96446
156000000 -93.90337
156500000 -92.92953
157000000 -92.13634
157500000 -91.4075
158000000 -90.77698
158500000 -90.16894
159000000 -89.6926
159500000 -89.25192
160000000 -88.83951
160500000 -88.46771
161000000 -88.1067
161500000 -87.77959
162000000 -87.48266
162500000 -87.19629
163000000 -86.95193
163500000 -86.71716
164000000 -86.5624
164500000 -86.34535
165000000 -86.17938
165500000 -86.00646
166000000 -85.86665
166500000 -85.73627
167000000 -85.61072
167500000 -85.49852
168000000 -85.40202
168500000 -85.30752
169000000 -85.22573
169500000 -85.13895
170000000 -85.06747
170500000 -84.9992
171000000 -84.95158
171500000 -84.89874
172000000 -84.84701
172500000 -84.79932
173000000 -84.7682
173500000 -84.73975
174000000 -84.71494
174500000 -84.70057
175000000 -84.68425
175500000 -84.6682
176000000 -84.66257
176500000 -84.66814
177000000 -84.6606
177500000 -84.66238
178000000 -84.67384
178500000 -84.70061
179000000 -84.71353
179500000 -84.72791
180000000 -83.77567
180500000 -83.79672
181000000 -83.80271
181500000 -83.82837
182000000 -83.85334
182500000 -83.8703
183000000 -83.90017
183500000 -83.94523
184000000 -83.96265
184500000 -84.00154
185000000 -84.04082
185500000 -84.08141
186000000 -84.1163
186500000 -84.15164
187000000 -84.19523
187500000 -84.2457
188000000 -84.29536
188500000 -84.3186
189000000 -84.39066
189500000 -84.43165
190000000 -84.472
190500000 -84.50721
191000000 -84.5584
191500000 -84.60219
192000000 -84.66076
192500000 -84.71064
193000000 -84.75256
193500000 -84.80418
194000000 -84.85269
194500000 -84.91205
195000000 -84.9563
195500000 -84.97702
196000000 -85.01792
196500000 -85.08235
197000000 -85.11405
197500000 -85.15118
198000000 -85.20816
198500000 -85.25931
199000000 -85.30277
199500000 -85.3701
200000000 -85.41962
200500000 -85.49688
201000000 -85.55244
201500000 -85.60748
202000000 -85.68782
202500000 -85.78464
203000000 -85.84543
203500000 -85.90689
204000000 -85.97198
204500000 -86.03197
205000000 -86.10041
205500000 -86.15767
206000000 -86.19845
206500000 -86.23472
207000000 -86.28645
207500000 -86.31674
208000000 -86.37575
208500000 -86.4128
209000000 -86.46518
209500000 -86.48901
210000000 -86.54363
210500000 -86.56681
211000000 -86.5991
211500000 -86.62112
212000000 -86.65475
212500000 -86.6804
213000000 -86.71294
213500000 -86.71337
214000000 -86.77122
214500000 -86.77979
215000000 -86.75851
215500000 -86.80185
216000000 -86.80091
216500000 -86.82693
217000000 -86.83123
217500000 -86.83286
218000000 -86.85191
218500000 -86.86435
219000000 -86.87529
219500000 -86.86652
220000000 -86.86493
220500000 -86.88528
221000000 -86.87347
221500000 -86.86416
222000000 -86.86234
222500000 -86.84176
223000000 -86.84427
223500000 -86.87298
224000000 -86.8289
224500000 -86.84698
225000000 -86.82603
225500000 -86.81543
226000000 -86.81094
226500000 -86.79803
227000000 -86.79904
227500000 -86.8074
228000000 -86.78995
228500000 -86.77919
229000000 -86.77679
229500000 -86.76688
230000000 -86.74171
230500000 -86.74947
231000000 -86.76065
231500000 -86.71911
232000000 -86.72336
232500000 -86.72227
233000000 -86.71673
233500000 -86.69037
234000000 -86.6921
234500000 -86.68998
235000000 -86.68471
235500000 -86.67732
236000000 -86.67032
236500000 -86.67132
237000000 -86.67097
237500000 -86.66736
238000000 -86.66631
238500000 -86.65829
239000000 -86.66339
239500000 -86.67408
240000000 -86.66335
240500000 -86.68363
241000000 -86.6876
241500000 -86.67738
242000000 -86.67288
242500000 -86.67324
243000000 -86.65626
243500000 -86.66137
244000000 -86.654
244500000 -86.64017
245000000 -86.63272
245500000 -86.61943
246000000 -86.59759
246500000 -86.57249
247000000 -86.5605
247500000 -86.53407
248000000 -86.52302
248500000 -86.4961
249000000 -86.4517
249500000 -86.42732
250000000 -86.38493
250500000 -86.35962
251000000 -86.28941
251500000 -86.26981
252000000 -86.19096
252500000 -86.11549
253000000 -86.03966
253500000 -85.94872
254000000 -85.83814
254500000 -85.7313
255000000 -85.61831
255500000 -85.49967
256000000 -85.38877
256500000 -85.25405
257000000 -85.14875
257500000 -85.02905
258000000 -84.89326
258500000 -84.7579
259000000 -84.63663
259500000 -84.51182
260000000 -84.41092
260500000 -84.30963
261000000 -84.18959
261500000 -84.08035
262000000 -84.00276
262500000 -83.90359
263000000 -83.81377
263500000 -83.75742
264000000 -83.69333
264500000 -83.65625
265000000 -83.60731
265500000 -83.5871
266000000 -83.54967
266500000 -83.52647
267000000 -83.51274
267500000 -83.50314
268000000 -83.4817
268500000 -83.45844
269000000 -83.44724
269500000 -83.45424
270000000 -83.45052
270500000 -83.45834
271000000 -83.45623
271500000 -83.49222
272000000 -83.50504
272500000 -83.51145
273000000 -83.54605
273500000 -83.56658
274000000 -83.60136
274500000 -83.65459
275000000 -83.68335
275500000 -83.7413
276000000 -83.48909
276500000 -83.12688
277000000 -83.20558
277500000 -83.2579
278000000 -83.33517
278500000 -83.40154
279000000 -83.46736
279500000 -83.56819
280000000 -83.64957
280500000 -83.72228
281000000 -83.79488
281500000 -83.89806
282000000 -83.98341
282500000 -84.05532
283000000 -84.127
283500000 -84.22173
284000000 -84.31093
284500000 -84.40958
285000000 -84.48399
285500000 -84.57285
286000000 -84.67287
286500000 -84.73253
287000000 -84.80566
287500000 -84.88951
288000000 -84.98679
288500000 -85.05563
289000000 -85.15106
289500000 -85.23776
290000000 -85.33697
290500000 -85.41357
291000000 -85.51477
291500000 -85.60442
292000000 -85.68171
292500000 -85.8005
293000000 -85.87518
293500000 -85.97793
294000000 -86.0705
294500000 -86.18286
295000000 -86.27859
295500000 -86.34794
296000000 -86.44071
296500000 -86.56768
297000000 -86.6377
297500000 -86.72952
298000000 -86.82958
298500000 -86.9243
299000000 -87.01369
299500000 -87.11722
300000000 -87.2257
