5.000000000000000000e+05 -9.386632379882902555e+00
1.000000000000000000e+06 -9.320712842032405021e+00
1.500000000000000000e+06 -1.031689657242750080e+01
2.000000000000000000e+06 -9.908457372494861914e+00
2.500000000000000000e+06 -9.921098769986320676e+00
3.000000000000000000e+06 -1.036431311345339168e+01
3.500000000000000000e+06 -1.066396651204743407e+01
4.000000000000000000e+06 -1.086389072585067694e+01
4.500000000000000000e+06 -1.101710856861129173e+01
5.000000000000000000e+06 -1.066255166986657166e+01
5.500000000000000000e+06 -1.042942289332654759e+01
6.000000000000000000e+06 -1.056556096192181826e+01
6.500000000000000000e+06 -1.068118887161980446e+01
7.000000000000000000e+06 -1.078724454588834547e+01
7.500000000000000000e+06 -1.088496870176232534e+01
8.000000000000000000e+06 -1.090776270660881231e+01
8.500000000000000000e+06 -1.094622716583243616e+01
9.000000000000000000e+06 -1.092490511053553703e+01
9.500000000000000000e+06 -1.088297436114749672e+01
1.000000000000000000e+07 -1.081437939450287899e+01
1.050000000000000000e+07 -1.074708173657828425e+01
1.100000000000000000e+07 -1.069468986619165918e+01
1.150000000000000000e+07 -1.065549516029349419e+01
1.200000000000000000e+07 -1.062486941137529328e+01
1.250000000000000000e+07 -1.059350695070246928e+01
1.300000000000000000e+07 -1.063842525601613254e+01
1.350000000000000000e+07 -1.069667267823909640e+01
1.400000000000000000e+07 -1.073984797305503136e+01
1.450000000000000000e+07 -1.079515224376750382e+01
1.500000000000000000e+07 -1.087727994065251380e+01
1.550000000000000000e+07 -1.093604970855775704e+01
1.600000000000000000e+07 -1.097608079818368054e+01
1.650000000000000000e+07 -1.100642619978374093e+01
1.700000000000000000e+07 -1.100859380805917453e+01
1.750000000000000000e+07 -1.099742137677915466e+01
1.800000000000000000e+07 -1.096379971508751261e+01
1.850000000000000000e+07 -1.089349948668842316e+01
1.900000000000000000e+07 -1.078914785018188738e+01
1.950000000000000000e+07 -1.071283313558477168e+01
2.000000000000000000e+07 -1.063634476889329861e+01
2.050000000000000000e+07 -1.060681801536400570e+01
2.100000000000000000e+07 -1.058712172585410727e+01
2.150000000000000000e+07 -1.057041292030480406e+01
2.200000000000000000e+07 -1.059387909566350139e+01
2.250000000000000000e+07 -1.063440082757732696e+01
2.300000000000000000e+07 -1.068631334086409801e+01
2.350000000000000000e+07 -1.076511318369038683e+01
2.400000000000000000e+07 -1.083830918555169021e+01
2.450000000000000000e+07 -1.088779915268406384e+01
2.500000000000000000e+07 -1.095934726452707508e+01
2.550000000000000000e+07 -1.094982960009404316e+01
2.600000000000000000e+07 -1.093970804831995203e+01
2.650000000000000000e+07 -1.091629222564137969e+01
2.700000000000000000e+07 -1.085447197058230984e+01
2.750000000000000000e+07 -1.078397134729982199e+01
2.800000000000000000e+07 -1.070733620326956803e+01
2.850000000000000000e+07 -1.061757157563615905e+01
2.900000000000000000e+07 -1.057735082750834366e+01
2.950000000000000000e+07 -1.053380712575662415e+01
3.000000000000000000e+07 -1.050113829174044255e+01
3.050000000000000000e+07 -1.048701944061831171e+01
3.100000000000000000e+07 -1.054102349541814476e+01
3.150000000000000000e+07 -1.062321029273602946e+01
3.200000000000000000e+07 -1.066473973851789481e+01
3.250000000000000000e+07 -1.077473056762413250e+01
3.300000000000000000e+07 -1.084712055872944880e+01
3.350000000000000000e+07 -1.091079079257623086e+01
3.400000000000000000e+07 -1.092383331888849618e+01
3.450000000000000000e+07 -1.093005731721271623e+01
3.500000000000000000e+07 -1.088878950850830485e+01
3.550000000000000000e+07 -1.086070037876257111e+01
3.600000000000000000e+07 -1.079896490713809243e+01
3.650000000000000000e+07 -1.073214107519540228e+01
3.700000000000000000e+07 -1.063313387186461156e+01
3.750000000000000000e+07 -1.054988324803665023e+01
3.800000000000000000e+07 -1.047606674839502361e+01
3.850000000000000000e+07 -1.044756312092335193e+01
3.900000000000000000e+07 -1.044373392860598493e+01
3.950000000000000000e+07 -1.049285331357174655e+01
4.000000000000000000e+07 -1.054406496799171045e+01
4.050000000000000000e+07 -1.058353440595163164e+01
4.100000000000000000e+07 -1.068008024446529980e+01
4.150000000000000000e+07 -1.076456146519166701e+01
4.200000000000000000e+07 -1.085058021829888020e+01
4.250000000000000000e+07 -1.089361874330495183e+01
4.300000000000000000e+07 -1.087930661747207495e+01
4.350000000000000000e+07 -1.085579127493880947e+01
4.400000000000000000e+07 -1.079533248029603243e+01
4.450000000000000000e+07 -1.073455370411519461e+01
4.500000000000000000e+07 -1.064005791643207921e+01
4.550000000000000000e+07 -1.054810510058764805e+01
4.600000000000000000e+07 -1.048525531617739759e+01
4.650000000000000000e+07 -1.044624953269476109e+01
4.700000000000000000e+07 -1.042585410996493067e+01
4.750000000000000000e+07 -1.046372104940242842e+01
4.800000000000000000e+07 -1.051069813918945428e+01
4.850000000000000000e+07 -1.058811587426390588e+01
4.900000000000000000e+07 -1.068299273285485462e+01
4.950000000000000000e+07 -1.076310761619062362e+01
5.000000000000000000e+07 -1.080647533566001073e+01
5.050000000000000000e+07 -1.080492244059714935e+01
5.100000000000000000e+07 -1.077284078333858908e+01
5.150000000000000000e+07 -1.071727128975989629e+01
5.200000000000000000e+07 -1.059287879442799962e+01
5.250000000000000000e+07 -1.048131068961258805e+01
5.300000000000000000e+07 -1.041163293213315022e+01
5.350000000000000000e+07 -1.035451361538945392e+01
5.400000000000000000e+07 -1.039790151911092764e+01
5.450000000000000000e+07 -1.042853058101057329e+01
5.500000000000000000e+07 -1.051216151988526981e+01
5.550000000000000000e+07 -1.060021322096874741e+01
5.600000000000000000e+07 -1.066529130218632382e+01
5.650000000000000000e+07 -1.066574928003994494e+01
5.700000000000000000e+07 -1.065372048996222354e+01
5.750000000000000000e+07 -1.055629493670178043e+01
5.800000000000000000e+07 -1.041700754950539753e+01
5.850000000000000000e+07 -1.032628498231924041e+01
5.900000000000000000e+07 -1.023155996435225035e+01
5.950000000000000000e+07 -1.017282208208233385e+01
6.000000000000000000e+07 -1.014977608320451807e+01
6.050000000000000000e+07 -1.014340585036402231e+01
6.100000000000000000e+07 -1.014198032083037937e+01
6.150000000000000000e+07 -1.013050791854608335e+01
6.200000000000000000e+07 -1.013809335108053133e+01
6.250000000000000000e+07 -1.014812538923754204e+01
6.300000000000000000e+07 -1.019484229746874249e+01
6.350000000000000000e+07 -1.043277023159048156e+01
6.400000000000000000e+07 -1.092912953081557070e+01
6.450000000000000000e+07 -1.143811972099273611e+01
6.500000000000000000e+07 -1.194623471826550443e+01
6.550000000000000000e+07 -1.245241979254134534e+01
6.600000000000000000e+07 -1.295708990427812424e+01
6.650000000000000000e+07 -1.345791495368130697e+01
6.700000000000000000e+07 -1.395535999476561528e+01
6.750000000000000000e+07 -1.444860513058840112e+01
6.800000000000000000e+07 -1.493793518709379242e+01
6.850000000000000000e+07 -1.542284025064775577e+01
6.900000000000000000e+07 -1.590418527216577793e+01
6.950000000000000000e+07 -1.637863539579422678e+01
7.000000000000000000e+07 -1.685065050461854241e+01
7.050000000000000000e+07 -1.731688053199439992e+01
7.100000000000000000e+07 -1.777862563369665949e+01
7.150000000000000000e+07 -1.823628575400344687e+01
7.200000000000000000e+07 -1.868709581472889170e+01
7.250000000000000000e+07 -1.913547596502782966e+01
7.300000000000000000e+07 -1.957757109801814366e+01
7.350000000000000000e+07 -2.001727121939951104e+01
7.400000000000000000e+07 -2.045136134284542351e+01
7.450000000000000000e+07 -2.088127653923553595e+01
7.500000000000000000e+07 -2.130792661753697104e+01
7.550000000000000000e+07 -2.172796678261228820e+01
7.600000000000000000e+07 -2.214601683233812324e+01
7.650000000000000000e+07 -2.255811191890831324e+01
7.700000000000000000e+07 -2.296843700515440645e+01
7.750000000000000000e+07 -2.337417218534898922e+01
7.800000000000000000e+07 -2.377575224927476683e+01
7.850000000000000000e+07 -2.417476725150325478e+01
7.900000000000000000e+07 -2.456839228787198692e+01
7.950000000000000000e+07 -2.496038734235740719e+01
8.000000000000000000e+07 -2.534809726419673481e+01
8.050000000000000000e+07 -2.573241221156306580e+01
8.100000000000000000e+07 -2.611399708955313770e+01
8.150000000000000000e+07 -2.649246181587450977e+01
8.200000000000000000e+07 -2.686825165503432800e+01
8.250000000000000000e+07 -2.723989614252651847e+01
8.300000000000000000e+07 -2.760901588963937670e+01
8.350000000000000000e+07 -2.797506033591658081e+01
8.400000000000000000e+07 -2.833875979802482448e+01
8.450000000000000000e+07 -2.869973980853228568e+01
8.500000000000000000e+07 -2.905890371221040169e+01
8.550000000000000000e+07 -2.941368303337995727e+01
8.600000000000000000e+07 -2.976827264289376274e+01
8.650000000000000000e+07 -3.011949158676199190e+01
8.700000000000000000e+07 -3.046850007843837105e+01
8.750000000000000000e+07 -3.081610934897122434e+01
8.800000000000000000e+07 -3.115942297306348863e+01
8.850000000000000000e+07 -3.150223646033392910e+01
8.900000000000000000e+07 -3.184052997965333276e+01
8.950000000000000000e+07 -3.217937423757873461e+01
9.000000000000000000e+07 -3.251515216686951248e+01
9.050000000000000000e+07 -3.285311103597984328e+01
9.100000000000000000e+07 -3.318900341407981358e+01
9.150000000000000000e+07 -3.352318176911231973e+01
9.200000000000000000e+07 -3.385570975474549726e+01
9.250000000000000000e+07 -3.418739255352965500e+01
9.300000000000000000e+07 -3.451510517947993861e+01
9.350000000000000000e+07 -3.484352464585584386e+01
9.400000000000000000e+07 -3.516850208859008120e+01
9.450000000000000000e+07 -3.549338517302611251e+01
9.500000000000000000e+07 -3.581582000844793612e+01
9.550000000000000000e+07 -3.613683064631411668e+01
9.600000000000000000e+07 -3.645668000403038178e+01
9.650000000000000000e+07 -3.677499686323314165e+01
9.700000000000000000e+07 -3.709220757238395549e+01
9.750000000000000000e+07 -3.740851594074112541e+01
9.800000000000000000e+07 -3.772317467098319810e+01
9.850000000000000000e+07 -3.803744707315667029e+01
9.900000000000000000e+07 -3.835030432038202974e+01
9.950000000000000000e+07 -3.866219419778006028e+01
1.000000000000000000e+08 -3.897366135931585518e+01
1.005000000000000000e+08 -3.928328757220911172e+01
1.010000000000000000e+08 -3.959293708666650247e+01
1.015000000000000000e+08 -3.989892898061525983e+01
1.020000000000000000e+08 -4.020617645996114220e+01
1.025000000000000000e+08 -4.051085853540583770e+01
1.030000000000000000e+08 -4.081733323823798543e+01
1.035000000000000000e+08 -4.111953341380405647e+01
1.040000000000000000e+08 -4.142246806846047491e+01
1.045000000000000000e+08 -4.172379362438483952e+01
1.050000000000000000e+08 -4.202531001387681897e+01
1.055000000000000000e+08 -4.232591514498791696e+01
1.060000000000000000e+08 -4.262613638004793160e+01
1.065000000000000000e+08 -4.292550840461924366e+01
1.070000000000000000e+08 -4.322511592919467205e+01
1.075000000000000000e+08 -4.352441272324905697e+01
1.080000000000000000e+08 -4.382214587894474533e+01
1.085000000000000000e+08 -4.412042925788420433e+01
1.090000000000000000e+08 -4.441792414037291792e+01
1.095000000000000000e+08 -4.471489092385047570e+01
1.100000000000000000e+08 -4.501219173728517831e+01
1.105000000000000000e+08 -4.530831068318199328e+01
1.110000000000000000e+08 -4.560549968995929504e+01
1.115000000000000000e+08 -4.590154564039102780e+01
1.120000000000000000e+08 -4.619957761044359756e+01
1.125000000000000000e+08 -4.649492235020773023e+01
1.130000000000000000e+08 -4.679272439064441613e+01
1.135000000000000000e+08 -4.708854048813126525e+01
1.140000000000000000e+08 -4.738729033440965566e+01
1.145000000000000000e+08 -4.768335719218183044e+01
1.150000000000000000e+08 -4.798184137974570262e+01
1.155000000000000000e+08 -4.827921898258981059e+01
1.160000000000000000e+08 -4.857915917483715873e+01
1.165000000000000000e+08 -4.887814284023889400e+01
1.170000000000000000e+08 -4.917684359270716499e+01
1.175000000000000000e+08 -4.947768071956723190e+01
1.180000000000000000e+08 -4.977754785631915979e+01
1.185000000000000000e+08 -5.008084587461539883e+01
1.190000000000000000e+08 -5.038229490233152319e+01
1.195000000000000000e+08 -5.068675501218813650e+01
1.200000000000000000e+08 -5.098781875785998352e+01
1.205000000000000000e+08 -5.129402201575167197e+01
1.210000000000000000e+08 -5.159803784539035831e+01
1.215000000000000000e+08 -5.190784240955090212e+01
1.220000000000000000e+08 -5.221534654144836196e+01
1.225000000000000000e+08 -5.252504786235285650e+01
1.230000000000000000e+08 -5.283335200365992534e+01
1.235000000000000000e+08 -5.314494928557940057e+01
1.240000000000000000e+08 -5.345791084708715601e+01
1.245000000000000000e+08 -5.377176373618237193e+01
1.250000000000000000e+08 -5.409024458061003315e+01
1.255000000000000000e+08 -5.441020804194845795e+01
1.260000000000000000e+08 -5.473201099626946586e+01
1.265000000000000000e+08 -5.505502426119675619e+01
1.270000000000000000e+08 -5.537817500500023016e+01
1.275000000000000000e+08 -5.570616131804924009e+01
1.280000000000000000e+08 -5.603240488741754177e+01
1.285000000000000000e+08 -5.636357566975235045e+01
1.290000000000000000e+08 -5.669861603659887805e+01
1.295000000000000000e+08 -5.703554039832073386e+01
1.300000000000000000e+08 -5.737505278591135038e+01
1.305000000000000000e+08 -5.772014969363070946e+01
1.310000000000000000e+08 -5.806601241462124818e+01
1.315000000000000000e+08 -5.841451339980932289e+01
1.320000000000000000e+08 -5.876816028176070006e+01
1.325000000000000000e+08 -5.912321522086152470e+01
1.330000000000000000e+08 -5.948051792210534927e+01
1.335000000000000000e+08 -5.983973346069220867e+01
1.340000000000000000e+08 -6.020559158140828515e+01
1.345000000000000000e+08 -6.057544273367839338e+01
1.350000000000000000e+08 -6.094900142222486039e+01
1.355000000000000000e+08 -6.132599009148353275e+01
1.360000000000000000e+08 -6.170976849290593691e+01
1.365000000000000000e+08 -6.209767317186150137e+01
1.370000000000000000e+08 -6.249542869867921979e+01
1.375000000000000000e+08 -6.289754581485447460e+01
1.380000000000000000e+08 -6.331064621046212437e+01
1.385000000000000000e+08 -6.372640184009419073e+01
1.390000000000000000e+08 -6.415012052641142759e+01
1.395000000000000000e+08 -6.458495822889855731e+01
1.400000000000000000e+08 -6.503295753090385745e+01
1.405000000000000000e+08 -6.547879348490815232e+01
1.410000000000000000e+08 -6.594134948553016784e+01
1.415000000000000000e+08 -6.640732874538818464e+01
1.420000000000000000e+08 -6.689401704615782762e+01
1.425000000000000000e+08 -6.739788686813868424e+01
1.430000000000000000e+08 -6.790475600719921090e+01
1.435000000000000000e+08 -6.842462764340379522e+01
1.440000000000000000e+08 -6.896540799793004339e+01
1.445000000000000000e+08 -6.952973470187467342e+01
1.450000000000000000e+08 -7.010697593624121282e+01
1.455000000000000000e+08 -7.071208455071237609e+01
1.460000000000000000e+08 -7.133594496368763771e+01
1.465000000000000000e+08 -7.199697287732122675e+01
1.470000000000000000e+08 -7.268566643881909783e+01
1.475000000000000000e+08 -7.341141573398670062e+01
1.480000000000000000e+08 -7.416878287182085217e+01
1.485000000000000000e+08 -7.497255288963751241e+01
1.490000000000000000e+08 -7.587131740678613312e+01
1.495000000000000000e+08 -7.680478862917777860e+01
1.500000000000000000e+08 -7.781299712915802047e+01
1.505000000000000000e+08 -7.890143576293503713e+01
1.510000000000000000e+08 -8.005537560172676592e+01
1.515000000000000000e+08 -8.137401024517365045e+01
1.520000000000000000e+08 -8.288985944081801449e+01
1.525000000000000000e+08 -8.454683764692516945e+01
1.530000000000000000e+08 -8.640640784916988082e+01
1.535000000000000000e+08 -8.843998968681587769e+01
1.540000000000000000e+08 -9.043472212160043000e+01
1.545000000000000000e+08 -9.211763410356627446e+01
1.550000000000000000e+08 -9.183386341648247253e+01
1.555000000000000000e+08 -9.002427410662676266e+01
1.560000000000000000e+08 -8.860641357049894395e+01
1.565000000000000000e+08 -8.659937633230470055e+01
1.570000000000000000e+08 -8.520952109719821976e+01
1.575000000000000000e+08 -8.381718453781658695e+01
1.580000000000000000e+08 -8.276301599603051784e+01
1.585000000000000000e+08 -8.169632388376751919e+01
1.590000000000000000e+08 -8.090697204042818669e+01
1.595000000000000000e+08 -8.016991904453101370e+01
1.600000000000000000e+08 -7.951281094764134139e+01
1.605000000000000000e+08 -7.891221138445941108e+01
1.610000000000000000e+08 -7.835894665224824962e+01
1.615000000000000000e+08 -7.785181889365949814e+01
1.620000000000000000e+08 -7.736894295200784200e+01
1.625000000000000000e+08 -7.694238133955160208e+01
1.630000000000000000e+08 -7.655028560757914136e+01
1.635000000000000000e+08 -7.619169187513716679e+01
1.640000000000000000e+08 -7.589905946500800837e+01
1.645000000000000000e+08 -7.558619629021575292e+01
1.650000000000000000e+08 -7.529689660783823513e+01
1.655000000000000000e+08 -7.502820478250298208e+01
1.660000000000000000e+08 -7.478753110010131877e+01
1.665000000000000000e+08 -7.456372668222735456e+01
1.670000000000000000e+08 -7.433831013582634739e+01
1.675000000000000000e+08 -7.414534264092714011e+01
1.680000000000000000e+08 -7.395310380946108353e+01
1.685000000000000000e+08 -7.378425646725423803e+01
1.690000000000000000e+08 -7.361913453697786736e+01
1.695000000000000000e+08 -7.344999103187349476e+01
1.700000000000000000e+08 -7.330130314128419400e+01
1.705000000000000000e+08 -7.316041803775122787e+01
1.710000000000000000e+08 -7.303632681434875451e+01
1.715000000000000000e+08 -7.290899476808492352e+01
1.720000000000000000e+08 -7.278430032876899247e+01
1.725000000000000000e+08 -7.268632346028014979e+01
1.730000000000000000e+08 -7.258144185738186138e+01
1.735000000000000000e+08 -7.247234627121089545e+01
1.740000000000000000e+08 -7.237486111060941596e+01
1.745000000000000000e+08 -7.229494472318035037e+01
1.750000000000000000e+08 -7.220902044124017038e+01
1.755000000000000000e+08 -7.213726049804556339e+01
1.760000000000000000e+08 -7.206277101820560915e+01
1.765000000000000000e+08 -7.200746913750300848e+01
1.770000000000000000e+08 -7.192928719557443173e+01
1.775000000000000000e+08 -7.186448972277533187e+01
1.780000000000000000e+08 -7.180410339634427430e+01
1.785000000000000000e+08 -7.177310161856311765e+01
1.790000000000000000e+08 -7.171980914849144995e+01
1.795000000000000000e+08 -7.166471742416737811e+01
1.800000000000000000e+08 -7.162568259543797922e+01
1.805000000000000000e+08 -7.158359454560940094e+01
1.810000000000000000e+08 -7.153743498798573341e+01
1.815000000000000000e+08 -7.150433772017338185e+01
1.820000000000000000e+08 -7.147491422888899137e+01
1.825000000000000000e+08 -7.143548097965141608e+01
1.830000000000000000e+08 -7.141015617341400912e+01
1.835000000000000000e+08 -7.139323647579266208e+01
1.840000000000000000e+08 -7.135798181645036209e+01
1.845000000000000000e+08 -7.133898808722358353e+01
1.850000000000000000e+08 -7.132463935079780981e+01
1.855000000000000000e+08 -7.129858881012862071e+01
1.860000000000000000e+08 -7.128521616907494263e+01
1.865000000000000000e+08 -7.126980043036964219e+01
1.870000000000000000e+08 -7.125713068951466767e+01
1.875000000000000000e+08 -7.124260200823829337e+01
1.880000000000000000e+08 -7.124433710608074932e+01
1.885000000000000000e+08 -7.123323920483544214e+01
1.890000000000000000e+08 -7.123430754694486211e+01
1.895000000000000000e+08 -7.122095896431568463e+01
1.900000000000000000e+08 -7.122250909605332936e+01
1.905000000000000000e+08 -7.120549604493263018e+01
1.910000000000000000e+08 -7.121133769481930642e+01
1.915000000000000000e+08 -7.120683421182154405e+01
1.920000000000000000e+08 -7.122362662504427533e+01
1.925000000000000000e+08 -7.121986305021911789e+01
1.930000000000000000e+08 -7.122482115829899385e+01
1.935000000000000000e+08 -7.123986295764814258e+01
1.940000000000000000e+08 -7.125269135762204087e+01
1.945000000000000000e+08 -7.125493788206551926e+01
1.950000000000000000e+08 -7.126073763357454993e+01
1.955000000000000000e+08 -7.126640276582398315e+01
1.960000000000000000e+08 -7.127298728533850181e+01
1.965000000000000000e+08 -7.129160834451639062e+01
1.970000000000000000e+08 -7.129953955652818820e+01
1.975000000000000000e+08 -7.131150603812960753e+01
1.980000000000000000e+08 -7.133338633857901812e+01
1.985000000000000000e+08 -7.135133464348305665e+01
1.990000000000000000e+08 -7.135447605254907444e+01
1.995000000000000000e+08 -7.138191694390809516e+01
2.000000000000000000e+08 -7.141521656009138042e+01
2.005000000000000000e+08 -7.143386954262625466e+01
2.010000000000000000e+08 -7.145739532055245036e+01
2.015000000000000000e+08 -7.148118475064381983e+01
2.020000000000000000e+08 -7.151622141860326565e+01
2.025000000000000000e+08 -7.155696951302675757e+01
2.030000000000000000e+08 -7.157830138778805917e+01
2.035000000000000000e+08 -7.161280484643808109e+01
2.040000000000000000e+08 -7.164414161176559048e+01
2.045000000000000000e+08 -7.167009691284496853e+01
2.050000000000000000e+08 -7.169297880654258392e+01
2.055000000000000000e+08 -7.172384259721550848e+01
2.060000000000000000e+08 -7.175156578263901963e+01
2.065000000000000000e+08 -7.178291419004482066e+01
2.070000000000000000e+08 -7.181000196495017462e+01
2.075000000000000000e+08 -7.183157881459953842e+01
2.080000000000000000e+08 -7.187832187233600223e+01
2.085000000000000000e+08 -7.190588743836238450e+01
2.090000000000000000e+08 -7.193401896283812391e+01
2.095000000000000000e+08 -7.196575287496438023e+01
2.100000000000000000e+08 -7.200647798320362369e+01
2.105000000000000000e+08 -7.203783571130202290e+01
2.110000000000000000e+08 -7.206431979599605597e+01
2.115000000000000000e+08 -7.209848040339278441e+01
2.120000000000000000e+08 -7.213769347225675688e+01
2.125000000000000000e+08 -7.217582979582188329e+01
2.130000000000000000e+08 -7.221657276340511089e+01
2.135000000000000000e+08 -7.223895997881113828e+01
2.140000000000000000e+08 -7.227985220671720867e+01
2.145000000000000000e+08 -7.230386377537095655e+01
2.150000000000000000e+08 -7.233011399105949124e+01
2.155000000000000000e+08 -7.237380905451735202e+01
2.160000000000000000e+08 -7.241173117996466146e+01
2.165000000000000000e+08 -7.244251686468952300e+01
2.170000000000000000e+08 -7.247546208578847882e+01
2.175000000000000000e+08 -7.251371712296526084e+01
2.180000000000000000e+08 -7.255840037824174260e+01
2.185000000000000000e+08 -7.259248881064334569e+01
2.190000000000000000e+08 -7.262479525560939919e+01
2.195000000000000000e+08 -7.266947702529314768e+01
2.200000000000000000e+08 -7.271557912592973594e+01
2.205000000000000000e+08 -7.276985338390406355e+01
2.210000000000000000e+08 -7.280620204033995435e+01
2.215000000000000000e+08 -7.285248513968831219e+01
2.220000000000000000e+08 -7.289763999402654804e+01
2.225000000000000000e+08 -7.294171893492398340e+01
2.230000000000000000e+08 -7.298562847640826590e+01
2.235000000000000000e+08 -7.304690093808720519e+01
2.240000000000000000e+08 -7.308973166001246113e+01
2.245000000000000000e+08 -7.313737414387328784e+01
2.250000000000000000e+08 -7.318182804655000950e+01
2.255000000000000000e+08 -7.322614945730576608e+01
2.260000000000000000e+08 -7.327608192764766670e+01
2.265000000000000000e+08 -7.333292191096019508e+01
2.270000000000000000e+08 -7.338666030698296083e+01
2.275000000000000000e+08 -7.343358884781510199e+01
2.280000000000000000e+08 -7.348195497656354291e+01
2.285000000000000000e+08 -7.353611810452014197e+01
2.290000000000000000e+08 -7.358460589351606984e+01
2.295000000000000000e+08 -7.363726985347574328e+01
2.300000000000000000e+08 -7.368341823650507649e+01
2.305000000000000000e+08 -7.374628302236006050e+01
2.310000000000000000e+08 -7.381830824339712649e+01
2.315000000000000000e+08 -7.384373389475500460e+01
2.320000000000000000e+08 -7.389924734118936556e+01
2.325000000000000000e+08 -7.395183371443943088e+01
2.330000000000000000e+08 -7.400590254243199695e+01
2.335000000000000000e+08 -7.405242710759942781e+01
2.340000000000000000e+08 -7.411583068006285657e+01
2.345000000000000000e+08 -7.415488765024576878e+01
2.350000000000000000e+08 -7.421000849835844804e+01
2.355000000000000000e+08 -7.427748290651786078e+01
2.360000000000000000e+08 -7.433626397924938090e+01
2.365000000000000000e+08 -7.440315598181770440e+01
2.370000000000000000e+08 -7.445976425634496820e+01
2.375000000000000000e+08 -7.451239602530002060e+01
2.380000000000000000e+08 -7.457489323023237660e+01
2.385000000000000000e+08 -7.463021868221962052e+01
2.390000000000000000e+08 -7.467648096299541294e+01
2.395000000000000000e+08 -7.475053284321158742e+01
2.400000000000000000e+08 -7.480773483721706896e+01
2.405000000000000000e+08 -7.487751523319170133e+01
2.410000000000000000e+08 -7.491979169367438374e+01
2.415000000000000000e+08 -7.498422596962663533e+01
2.420000000000000000e+08 -7.504123571905587653e+01
2.425000000000000000e+08 -7.509356598526569826e+01
2.430000000000000000e+08 -7.513469817323489508e+01
2.435000000000000000e+08 -7.519389619962501570e+01
2.440000000000000000e+08 -7.523993029412248745e+01
2.445000000000000000e+08 -7.526586858756549248e+01
2.450000000000000000e+08 -7.532292075755282212e+01
2.455000000000000000e+08 -7.537478936955889708e+01
2.460000000000000000e+08 -7.539451361157694009e+01
2.465000000000000000e+08 -7.544221972957356570e+01
2.470000000000000000e+08 -7.547055653643019468e+01
2.475000000000000000e+08 -7.549454668330656659e+01
2.480000000000000000e+08 -7.551108582417064952e+01
2.485000000000000000e+08 -7.553551485569025203e+01
2.490000000000000000e+08 -7.553698268348092881e+01
2.495000000000000000e+08 -7.554607668776486662e+01
2.500000000000000000e+08 -7.554611099631021887e+01
2.505000000000000000e+08 -7.555042639592616638e+01
2.510000000000000000e+08 -7.552339844313272010e+01
2.515000000000000000e+08 -7.552270245495698475e+01
2.520000000000000000e+08 -7.546014954242353667e+01
2.525000000000000000e+08 -7.543577743728835117e+01
2.530000000000000000e+08 -7.538607577135704219e+01
2.535000000000000000e+08 -7.530418692344414922e+01
2.540000000000000000e+08 -7.519754267729048536e+01
2.545000000000000000e+08 -7.511497443085212922e+01
2.550000000000000000e+08 -7.501522981462858297e+01
2.555000000000000000e+08 -7.492438136159955775e+01
2.560000000000000000e+08 -7.480951415929409620e+01
2.565000000000000000e+08 -7.468339587628362608e+01
2.570000000000000000e+08 -7.460654983084047842e+01
2.575000000000000000e+08 -7.447907901557104537e+01
2.580000000000000000e+08 -7.435296892337868258e+01
2.585000000000000000e+08 -7.423234428298795251e+01
2.590000000000000000e+08 -7.411944978468076783e+01
2.595000000000000000e+08 -7.400501140838790093e+01
2.600000000000000000e+08 -7.392778772511326224e+01
2.605000000000000000e+08 -7.383954075908179959e+01
2.610000000000000000e+08 -7.373512903917752226e+01
2.615000000000000000e+08 -7.364426394187842106e+01
2.620000000000000000e+08 -7.357003452854584680e+01
2.625000000000000000e+08 -7.349312026295750400e+01
2.630000000000000000e+08 -7.343164908949894709e+01
2.635000000000000000e+08 -7.337925984342335539e+01
2.640000000000000000e+08 -7.334927743998329674e+01
2.645000000000000000e+08 -7.331942389227367585e+01
2.650000000000000000e+08 -7.329726085936462709e+01
2.655000000000000000e+08 -7.330870361048147288e+01
2.660000000000000000e+08 -7.328535636797874986e+01
2.665000000000000000e+08 -7.328855893100816843e+01
2.670000000000000000e+08 -7.329246295672966482e+01
2.675000000000000000e+08 -7.329962354900432331e+01
2.680000000000000000e+08 -7.329003034146305140e+01
2.685000000000000000e+08 -7.329300246723163070e+01
2.690000000000000000e+08 -7.328912842191293464e+01
2.695000000000000000e+08 -7.332025670598169143e+01
2.700000000000000000e+08 -7.332399072440213672e+01
2.705000000000000000e+08 -7.335295026132104113e+01
2.710000000000000000e+08 -7.335952680953757010e+01
2.715000000000000000e+08 -7.341045156938422167e+01
2.720000000000000000e+08 -7.343484582114496106e+01
2.725000000000000000e+08 -7.346181693511925914e+01
2.730000000000000000e+08 -7.349866686671708749e+01
2.735000000000000000e+08 -7.353297369475795620e+01
2.740000000000000000e+08 -7.358206412046042999e+01
2.745000000000000000e+08 -7.364575607042843330e+01
2.750000000000000000e+08 -7.369343408813578833e+01
2.755000000000000000e+08 -7.375889707592213540e+01
2.760000000000000000e+08 -7.384652722319601992e+01
2.765000000000000000e+08 -7.393675738546303933e+01
2.770000000000000000e+08 -7.402079896989113195e+01
2.775000000000000000e+08 -7.408101774943965268e+01
2.780000000000000000e+08 -7.416252528309175318e+01
2.785000000000000000e+08 -7.424548209611894833e+01
2.790000000000000000e+08 -7.430879295137130214e+01
2.795000000000000000e+08 -7.441582801061355212e+01
2.800000000000000000e+08 -7.449962525258301582e+01
2.805000000000000000e+08 -7.456799669938020259e+01
2.810000000000000000e+08 -7.465113140506244349e+01
2.815000000000000000e+08 -7.475389308275177314e+01
2.820000000000000000e+08 -7.483443853866261009e+01
2.825000000000000000e+08 -7.491100064525670632e+01
2.830000000000000000e+08 -7.497851940023905115e+01
2.835000000000000000e+08 -7.507878187793363622e+01
2.840000000000000000e+08 -7.515844532001304401e+01
2.845000000000000000e+08 -7.524681625213372627e+01
2.850000000000000000e+08 -7.531835665704134897e+01
2.855000000000000000e+08 -7.539417289735426664e+01
2.860000000000000000e+08 -7.547680640668995977e+01
2.865000000000000000e+08 -7.554402782762208801e+01
2.870000000000000000e+08 -7.559448138692803809e+01
2.875000000000000000e+08 -7.567455721262525969e+01
2.880000000000000000e+08 -7.573859553615508844e+01
2.885000000000000000e+08 -7.579644528590254993e+01
2.890000000000000000e+08 -7.586868952682755207e+01
2.895000000000000000e+08 -7.592432508970931337e+01
2.900000000000000000e+08 -7.600198731749206615e+01
2.905000000000000000e+08 -7.607355712874490905e+01
2.910000000000000000e+08 -7.614583452467199720e+01
2.915000000000000000e+08 -7.620117280093863599e+01
2.920000000000000000e+08 -7.624656408632421289e+01
2.925000000000000000e+08 -7.633629774122542244e+01
2.930000000000000000e+08 -7.637676156636803171e+01
2.935000000000000000e+08 -7.644239657490275874e+01
2.940000000000000000e+08 -7.652182189048646421e+01
2.945000000000000000e+08 -7.658781086902854440e+01
2.950000000000000000e+08 -7.664913105837388230e+01
2.955000000000000000e+08 -7.667919004744788936e+01
2.960000000000000000e+08 -7.675084281607063019e+01
2.965000000000000000e+08 -7.682663578399511550e+01
2.970000000000000000e+08 -7.683972290926496385e+01
2.975000000000000000e+08 -7.691373584071386915e+01
2.980000000000000000e+08 -7.695682768702044996e+01
2.985000000000000000e+08 -7.700760273335905026e+01
2.990000000000000000e+08 -7.704313442171701354e+01
2.995000000000000000e+08 -7.708821473974592209e+01
3.000000000000000000e+08 -7.715817649783983256e+01
